,Sentence,Label
0, Padam pottum... Charithram akanamenkil marakkar varanam,Negative
1, ikka dlg delivery oru rakshayumilla ... love uuuhhhhh ikkaaaaa,Positive
2, megastar back in action !!!!!!! bellary rajayallade #L oori raja !!!!!!! madhuravazhum Raja,Positive
3, Onnil kooduthal kandaavar ividea like adikk..nan.matram ano,Neutral
4, Onnil kooduthal thavana ee trailer kanda mahanmar undengil adi monne like....njan ulpede,Neutral
5, Mammooty fans,Negative
6, Last oru palli kaanikkunnille athu eetha place,Neutral
7, soubin fans like adi makkale,Neutral
8, Adipoli mass padam aarikkum. Ikkede alle padam,Positive
9, Brand new Bmw il vannerangum ennu pratheekshichu,Neutral
10, All kerala surya fans like adii,Neutral
11, angana pritviye kanan 5 july,Positive
12, Annalum sunny chechiye randu shotl othukkiyallo.. kashtam tanne muthalali,Negative
13, Doll inte bgm ishtappettavar like adikk,Neutral
14, 14 minute  65 k like  Ith polikkum,Positive
15, Pinnne Bgm adipoli ikkayude nadatham koodi aavumbo parayandallo,Positive
16, Hahah dislike kuranju....athu mammoottyy fans annanu parayyooooooo,Neutral
17,Lucifer Oru political movie anennu arum pratheksichilla...,Neutral
18, Kidu  Lucifer  A10,Positive
19, pls 1nu movie kanu chirikkathaver chirikkum  pattuna pani nokkuva ea70 vazhzsil pls prayathe bhamanikkunu,Negative
20, Mamagam trailer tomorrow kaathirikkunna var undakil like here,Positive
21,Madhuraraja ye kaal valara mikacha quality feel cheyyunnu.  A Mammookka fan.,Positive
22, Poli ploi nte ponno romanjam,Positive
23, 12 Mani kazhn kaanunnvar ivde like,Neutral
24,Ikka namihu ningale only Wold king,Positive
25,Pokkiri rajayumayde storyumayi enthakilum bendham undo,Neutral
26,Ithu 10 m mamankam 15 m cross cheyuvayirikum,Neutral
27, Trailer kandu lalettaa Cinema super hit avum all the best to you lalettaa,Positive
28, Odiyan iruttinda raja   Enda ethra Kali kandittulladhaan ne    Odiyan odi odi odiyan,Neutral
29,ithil premiere akunnathinu munbe dislike adich kalikana saddistukaleyoke enthaa cheyyaa.loka duranthangal hahaha,Negative
30, Aahh kaalathille Muslim baasha enganaanoo athu polle thanneyanu lallettan ithill present cheyithirrikunnee Padam polkummmm,Positive
31, Ithil love reaction button indaarrnneeel njekkittt pottikkaaarrnnn,Positive
32,Malayalathinte evergreen yuthan pirannal aashamsakal Mammokka uyirrr,Positive
33,#L kandatt iniyum inyum kaananm enne thonnunnavar undo ividea...,Neutral
34, Ethu powlikkum maduraraja yum puliyum myrumonnumalla nammukke vendate immatiri items aane,Negative
35, Kayamkulam kochunnila nayakan lalettan allallo but kayyadi muzhuvanum kond poi...marana masss intro,Positive
36, Repeat mode on..... Romanjification ...ettan pakka mass,Positive
37, Ith polikun Nighal ath parayunnu Polikumo illayo Polikum akil like cheyu,Positive
38, Katha manasilay Tv il varambam kanam,Negative
39, Anthena maire nigal unlike adikunne nalla trailer alle,Negative
40, Dileepettaaa...last dialogue Karayippichallo... .5 second  Lalettan kazhinja dileepettan aanh full senti,Positive
41, Pwolichu    ...  lalettaaa,Positive
42, Jelli kettinte trailer bgm pole ind,Positive
43, Trailer കാണാൻ വേണ്ടി urakathe kathe ninvar ലൈക്‌ adi,Neutral
44, Sare  MLA riyas nte frndaa Aano enkil frndshipdayku oru cake medichu koduku..🤣,Neutral
45,CBSE kaarkk ini state pillarde vaka verppikana trolls ini ividam muthal thurangukayan soorthukkale !,Neutral
46, Aarada dislike adikkane ethil entha kuzhappam,Negative
47, MARADONA june 22anuu kanilee Elarumm,Neutral
48, Classum massum cherna oru onnonnara item,Positive
49, Lucifer ethara view anenu nokan idaku idaku varunavaruku likean ulla sathalam,Neutral
50, Ingerk ethra vayas aa nna paranje????,Neutral
51, Raju ettaaaa ningal Vera level,Positive
52, Looks like netflix series oru film aayi coloring Mach aavunnilla,Negative
53, 5 il kooduthal thavana kandathu njn maathramaano   katta mammooty fans cmnt here,Positive
54,Ith kandapo ronchaaamam Enik matram aanoo vanne,Positive
55, entammo romanjaam romam ezhunettu nikkunnu . enna trailara laletan marana mass,Positive
56, Mamookayude padamaayalum lalettan te padamaanenkilum itoru malayalam padamaanu athorkanam nammaku Ella industrikaleyum vettichu nammade Malayalam industriye unnatangalil ethikanam,Positive
57, Ee haters vann dislike adichalum 240k like und makkale..,Negative
58, Ee trailer 10il kooduthal thavana kandathu njan maathram aano?,Neutral
59, Padam kandavarkku like aam Mass ka baap,Neutral
60, Ee trailer ippo kanan varunnavar adi like..,Neutral
61,Ithum koodi kooty  ente 905 aam view,Positive
62, Uffffff.. mammookkkaaaa.... love youuuu...  massssss... katta waitingggg,Positive
63, Moonnam divasavum trending no:1 Ettan,Positive
64, Ithu njangal polichadukkum. Love you latetta.....,Positive
65, 4m views 300k likes trending 1 Mollywood king  ലാലേട്ടൻ,Neutral
66, Padam kandu kazhinju evdae vannavar arrokkae und...,Neutral
67, Kandittt kadhayulla film ahnn thonnunnu... 🥰,Positive
68, I love മലയാളം-ಮಲಯಾಳಂ- Malayalam movies. Love from ಕರ್ನಾಟಕ-കർനാടക-Karnataka,Neutral
69, 192 k views 198 k like         Adipoli ba poka..,Neutral
70, Njn matramano ee trailer oru noor thavanaaayit kand kond irikunne,Neutral
71,Pk Ramdas... Nammude Rajettan aanennu njn parajal nigalude abhiprayam...????,Neutral
72, Ittimaniyile laleattente look ishtamaayavar like adi....,Neutral
73,Ee shareeramulla manushyanevech ee padam cheydh kulamakarudh plees,Negative
74, What a Trailerori raksha illa   1;40 punch uff  mammukkaaa aaaaaaaaaa,Positive
75, Vaan Trailer .... laleetta nigga Oru jinn Aanu kettoo.....mass voice,Positive
76, Poli poli poli .... am waiting..,Positive
77, Prithviraj undonnu nokkaan veendum vanna njn..,Neutral
78, Comedy cheyan Oru prethaka kazhivu vennam athu surajinu ilaaa. Full chali aytaanu thonnanee,Negative
79,Trailer superrrrr ikka pwolikkum padam oru action thriller blockbuster ayirikkum,Positive
80,Ith nallavannam tamilnattil  irakkiyal 300cr aavumayirunnu,Neutral
81, Sunny chechi ullath kond cinema jayikum,Positive
82, Ithill vineeth sreenivasan aayirikkum negative role.. Nokkiko..,Neutral
83,Ee padathine nammal vijaya gara maakkanam....,Positive
84, Lal fans dis like adi ippozhe thudangi,Negative
85, Thirakku kettan sunny chechiyokkeee venam lee.,Neutral
86,Mohanlal fans like here. Trailer maran mass. Uff kidu,Positive
87, Trailer varumboyekkum ethu naayinte makkalaa dislike adikene,Neutral
88, Ithokke cheyyumpo mamookkakku,Positive
89, Copy full pulimurugan kanuna pole unde,Negative
90, Ikkaaaaa masss enn vechaal ithaam masss,Positive
91, Dislike pooranmar neeti oru oombu vecho,Negative
92,Nammala Lalettan fans 1 like adiche,Neutral
93, Idhilum Manju warrierude husbandine konna aale kandupidich kollunnathaano kadha,Neutral
94,Poli poli poli 🥰🥰🥰chende bgm wooow,Positive
95,Eattan fanzz koode ind...ninga polikk ikkkaaaa,Positive
96,Ithokke like adichillel,Positive
97, Ambada kalla... Views ethra aayi ennu nokkan vannathanalle?,Neutral
98, Dislike adichavar mamooty fans ayatinal onnum parayanilla. Raja 3 strong adaaa. Ijjati mammunniss,Negative
99, 27k dis like athinu mathram enthu kuravanu ningal ea teasaril kandathu,Negative
100, Unda enna perittappo parihasicha priyadarshanu kod urundaa,Negative
101, Ith nammal vijaricha unda alla makkaley ith vedi undayanu,Neutral
102,Mamukka ottiri ishttamm ethe polikkumm,Positive
103, Dileepettan...luv u ..luv u so much,Positive
104, ntemmo director aranen njn ipazha arinjepakachpoi,Neutral
105, Adipoli Trailer.......   parayaan Vaaakkilaa  Lalettan fans like here,Positive
106, Telugu trailor kandit ithu kandavar aarelumundo.. ?,Neutral
107, lub u lub u..... Laletta ..... L... U... C.... I... F... A.....R.,Positive
108,ee padathinu reach kuravanu.Trailerum pora.Pottum ennulla karyam guarantee.pinne fans vannu enne choriyan nikkenda.Sathyam ithaanu,Negative
109, nte ponnoooo .... <3 oru rakshayum illaa ..... <3,Positive
110,Dislike adikunna mammunikale,Negative
111, Trailler pora padam 8 nela pottum ane tonunee,Negative
112,Waiting  3pravashyam  kanum  releaseday,Positive
113, padam   pole anu muthe,Positive
114, Kandappo  oru  kuliru  keri  mone🤗.  Ningalkkum  vannengil  like  here,Positive
115, Pazassiraja  ennu parannu  chilakunnavar  orkuka athu flop nnu,Negative
116, Like nokaan varunnadh njan mathramaano..,Neutral
117, Nalla kidilan trailer . Ithu kidukkum.wowww......,Positive
118,ikka kalakki super kidiloski trailer raja theatre poora parambu aakum,Positive
119,Mammoonny .... Komali... Loka tholvi. Sammathikkunnavar Like Adikku,Negative
120, Daily vann oru pathu thavana engilum repeat adich kaanunnath njn maathramaanoo..,Positive
121, stock roomil stuck aaayi freezing room,Neutral
122, Salimkumar comedy verupikkum enna kariyathil urappayyi,Negative
123, Lalettan fans like.  Super movie ikka muttwanu,Positive
124, Ee padam pwolikkum pwoli teaser teaser...,Positive
125, Ini kando... Adiude Ideude Vedi pooram......🧨🧨,Positive
126, @vibin mangalassery,Positive
127, Odiyane thakarkkan kanji vilambi nadannavarkku ulla chicken biriyani...oru biriyani edukkatte chetta..,Neutral
128, Kanum munpe dislike adicha aa mahanmarude manasu aarum kanathe pokaruthu,Negative
129, Kochu pillerode chodikkan eth rajayalla nattellulla stephen nedumpalliyaanu.,Positive
130, supr ikka powli ..... padam supr arikkim urappaa.... ikka lve u ....,Positive
131, Luv u laletta ....katta fans undo..prithviraj fans hit like,Neutral
132,Onnum parayanilla... Pinnem pinnem kandavar like adikk ....,Neutral
133, Uff kidilam oru ethum pediyum kittanilla story nthayirikkumenn 5vare Kath irikkanamallo katta waiting,Positive
134, Poli padam njn ella mammooty movies kanarundu itrekku disapointed akkiya oru movie aduthundayittilla,Negative
135, Arelenkilum oru kuprasidha payyan ful move link undo,Neutral
136,Than ketto? Anna benn fans like adi,Neutral
137,Trailer....nte ponno...oru rakshem illa katta pwli.....ikka pne parayandaallo....megastar mammootty in mamangam....katta wa8tng  haters...jst move bck,Positive
138, Ikka hvy  vere lvl trailer,Positive
139,Çhūñk mammukkakkum vyshakettanum ente big salute  Inganoru mass Padam orukkithannathinu Ikka bhakthans,Positive
140, Fucking awesome mahn... Latettan poliiiiii.. Rajubhai chathikikllaaa.. Waiting for lucifer... Odukathe trailer ayi poyi monneeeeeeeeeeeeeeeeee,Positive
141, Enntta surajetta Super oru rakshaum ella,Positive
142, Superb & promising  trailer,Positive
143, Aunty odi nadannu kanji koduppaanu pani,Neutral
144, Entharanjittadoo okke unilke cheyyanee.......naanamketta paripaadi....kashtapettu cinima edutha ....athulim koreee ennam und ....vivaadhavum kond irangikolum,Negative
145,Kanditt nalla quality olla padam aann thonnunnud,Positive
146,Haters dislike ... Paavo ithrakkum pediyaano oru padavam verunne... Kaishttam haters🤣,Negative
147, Pinneyum pinneyum kaaaanunnavar like adi... Lalatten ishtam,Positive
148, Pirates of the Caribbean .. Peru maati ettal aalkar chilappol like adikkum..  Aale pattikkan eniyum engane nalla nalla teasers pratheekshikkunnu.,Negative
149, Poli trailer waiting for april12th trailer inganeyanengil cinemayude karyam parayano,Positive
150, Raju etta ningal Malayala cinema ye Vere Level Aaakum Alle,Positive
151, kure naalu koodiya oru mammookka trailer kaandu santhosham thonunnathu.,Positive
152, Olakel varapicha oru avataram annu namuda chank mamangam,Neutral
153, 10 million views adikkumenn parayunavar like adikku,Neutral
154, Dislike adichavarokke  ith okke kanditt engane dislike adikkaan saadhikunnu uvve,Neutral
155, Classinu class maassinu mass ijjaathi item raaju ettan      & mammookka,Positive
156,Agane nallu peru koodi valichu mannu ettalonnum japan theerulla,Neutral
157, Evideyo miss aaya pole pazhaya lalettane thirichu kittiya pole..thaadi vecha pinne..payyan pwoli alle....luv u. .Lalettaa...,Positive
158, Valip padam enn thonnunavar like adi,Neutral
159,Aaruvaadee dislike adich ponath ithrakk kazhappoo,Negative
160,Sunny chechiye kandavar like adi,Neutral
161, Ichayan kasari. Kiduki. Porich. Njgal tcr karude swagraya ahagaram,Positive
162, Ith verum trailer ini padam muzhuvan undaa vilayaattam,Neutral
163, E padam polikkum allee  mammookkaa fans nammakullathaaanu e padam,Positive
164, Ettan anthannu kandallo ettan fans hit like,Neutral
165, Average trailer...tiyaan pole akandu iruna mathiyarno....too many dialogues..,Negative
166, Fight dialoge bgm oru rakshayum illa,Positive
167, Ithilum valiya verupikal padam swapnagalil mathram,Negative
168, Lalleettan faans aa like button adichu pottichekku ...,Neutral
169,Ellarum like adikkee eniit share cheyee,Neutral
170,Mohanlal fans like here .... Ettan maaasss aanu,Positive
171, Alla....manasilalyoooo.......  Viswasichu koodevarunnavare jeeevanaan .....eetu....jeevan .....koduthayaaalum ...... Samrakshichirkkum.......  Madhura Raja .......,Neutral
172, Just 1min      etra per page il und,Neutral
173, avasaanathe superman punch ath kalakkki ente ponnu ikka love uuuu...........,Positive
174, Charitra cinema aano nayakan mamooka allae vere aarundundu abhinayikkan,Positive
175, Njan kandukondee irikunnu... vendum vendum.. vere aarenkilm undo ennae pole....,Positive
176,Poli poli polichu mass mass mass maranamass,Positive
177, ambo ikka kidu enta ponno hvy bgm gopi chetta kidu love you ikka,Positive
178, Ella recordum theerkaan kazhiyatte ennaasamsikunnu...Enkil maathre e record marakaar release aavumbo thiruthaan saadhikku,Positive
179, Dislike adikkunna teams aranenn manasilaayo makkale....,Neutral
180,lalappan fansinte annakkil thooriya trailer 🤣🤣🤣🤣,Negative
181, alla ee ikka ithu enthu bhavichaa 2019 full aghu edukkuvano,Positive
182, ikka ennum top lanu one and only raja,Positive
183, Mohal lal aa filmil thovinone kaanunne polum illaa...aa filmil mohanlalinde aniyanaanh...yendh aniyan...prrrrr...kaanunne poolum illaa,Neutral
184, Ahaa hahaha ha.... Nte ponnikkka mutheeee,Positive
185,fans show ku pokunavar Like chy ethra per undanu nokatee,Neutral
186, Poliiiii oru rekshem illa katta waiting,Positive
187, Bgm poaRaaa.... Goapi aanel maanthittaanelum Bgm GoosebumpS aakkum,Negative
188, Mammootty pwolikkum,Positive
189,Oru kolamaass dialogue um athine vellunna look um,Positive
190, Ente ee comentinu like illaathathu aarum tharaathathu kondalla  Comment hang aayi nikkunnatha,Neutral
191, Hindu kalku mahiravan islaminu ebileesu christianikalkku LUCIFER,Positive
192,Kidu adar item !! From a kaataa laleetan fan,Positive
193, Trailer pora..Oru pathu kollam mumbulla tamil cinemade trailer polund,Negative
194,Edak edak vannu views nokunavar evide like adik.  #Lalettan #Prithiviraj,Neutral
195, innale night 189k like undayirunnu. today 129k entha ithu,Neutral
196,Nalla movie njan theatril poyi kandthalalettan poliyanu,Positive
197, Unlike adichengilum mammookaye tholpikkumenn paranj kond pramukha  fans,Negative
198, Scripwriter Harikrishnan: Mass Director VAShrikumarMenon: Pakkamass Lalettan: Maranamass🤩,Positive
199, Ikkayude mass perfoamnce kaanan Kothichu Etra naalayi..Waiting april 12..Raja,Positive
200, release nalle....kanaan povvunnavar ...plzz like...palettan katta fans,Neutral
201,Ittichan Polichuuuu Onam Lalettan eduthu ennu parayan Paranju,Positive
202,njan parayunnu eetavum valiya big flop aayirikkum,Negative
203, Adikkada makkale like mega star daa,Positive
204, Adipoli trailer lalettan faninte ella supportum undakum ikka kiduki,Positive
205, Ittimani  mass ahnn manasuman,Neutral
206,Oru idi idikkumbozhekkum... Aalkaar adutha Jilla ethi kaanum...,Neutral
207,Mammookka uyir like adichu pottikada makkale,Positive
208, Oru lalettan fan aaya njan polum like adichu poyi.... sprb,Positive
209, Who are you mr  Athoru velya kadhaya mone  Paranj tudangya oru 10 - 30 kollathe charitram prynm    Ikkaa,Neutral
210, Urakkam nashtappettu  Ith pinneyum kaanan thonnanu,Positive
211,Lalettaa Ormavecha naalu muthal malayalikalude aaavesamaya lalettaaa,Positive
212, Unniyettan first ..jayettan fans like podu!,Neutral
213, Gambeeeeeeeeeeram.,Positive
214, kalaparinju sheenicha karshakanu ini visramikkam,Neutral
215, Happy birthday  ikka movie polkikum....,Positive
216,Daivamea njan ninnea vitt 28nu Chekuthantea koodea pokuvea,Neutral
217, Vishnu avatharam Narasimham vannu .. Ini veranullathu avanaaa Kalkiii,Neutral
218, Last one punch superman punch  madura raja special,Positive
219, Trailer kand chiri vannavar ivide like adi,Neutral
220, Joy thakkolkaaranil ninnum oru massZz change,Positive
221, Avuudeiiyee eth pollikkum ennu urappullavar adi likeee,Neutral
222, priwtiraj  enna  otta karannam  kond  like  adikuna  kure pear,Neutral
223, Padam kandit  trailer Kanan vanath njn mathrm ano ?,Neutral
224,Its not a trailer its a ultsavam,Positive
225,Mohanlal ee 100crore kayarumen urapp ullavar like adi,Neutral
226, Oru raksha illa  adipoli trailer,Positive
227, Ninga polik ikka namma undu koode......alla pinne..,Positive
228, Ethu polikkum makalle. Our king is back,Positive
229,unniyude mamangam ennum paranju karanjondu nadannavarude annakkiladichu kodutha mammookka,Neutral
230, Agane veedum oru mass's padam mm...,Neutral
231, Dislike cheyunavanoke ethu naarikal aanenavo.... Chathude...   Kidukachi trailer vanetum dislike 1.1k Kashtam preshakare...,Negative
232, Vineeth sreenivasan ennnu kanda pinne onnum nokkanda padam vere level ayirikkum,Positive
233, Orru onnonara range padam aahntaa ee padam,Positive
234,Ethakayo pundakal e myre eragiyal Lucifer trailer  kadathum enokke paraniju enitte enthayi obiyille latettane thopikan avilla mammu,Negative
235, Promising trailer Chummma aangu powlich adukki kaiyil koduthu Ikkkkaaaaa ente ponno ejjathi romanjam🤩,Positive
236, Ohh mamooka kalaki...Adipoli trailer... Best Wishes from Tamil Nadu.,Positive
237, 1:23 PREDATOR movie BGM copycat !!! deepak dev anna,Neutral
238, Villain tovino anengkil maari 2 kazhiyinj 2 movie as villain,Neutral
239, Film kandu.....Nalla movie aan dharyam ayi book cheythoolu🤗,Positive
240, Ee 2019 enna varsham Maamookkant thanne aan,Positive
241, Super mega hit aaayirikkum  mark,Positive
242,Views 10M kadakkum ennurappullavar like adi,Neutral
243, Morning eneechepol thanne veendum kandavar arund7.22,Positive
244, Mamooka we love u so much..,Positive
245, പൊളി ട്രെയ്‌ലർ ലാലേട്ടൻ & പൃഥ്വിരാജ് This deal is with the devil.... Pwoli.... Can't wait....,Positive
246,രാജ double അല്ല,Positive
247, Ithinte munnil Paavam madhuraraja entu aakumo ento... Mikkavarum sugar koodi chaakum madhura-raja ... Paavam mammunni...,Negative
248, Time 3.45AM  kaanan vannavar undooo,Neutral
249,Fake liker pidichu ikka oombi,Negative
250, Ichaakkaa.. Pwolichu tto   All the best mammookka   By  lalettan fan,Positive
251, Aaran manjuvintey bharthavum makalum aayittu veshamitta thaarangal? aarkkenkilum ariyamenkil parayumo pleas?,Neutral
252, Ithu nammude peruchazhi aaano prithvi etttaaa???,Neutral
253, Ini releasine vendi katta waiting 🤩,Positive
254, Prithvirajinte character poster kanditt ... Trailer onnode kaanan vannavar undoo??,Neutral
255, Innu ravile vare 181k likes..ippo varum 121k likes..🤔,Neutral
256, Malaylikal ithraku chettakal ano 7.5k dislike . malayala cinima ithukond evideaku ethi pedathathu,Negative
257, Prithviraj Undennu Arinju Trailer Kandavar Like Adiku  1:01 Zayed Masood,Neutral
258, Big B 2aano ettu kanditu atakana vari,Neutral
259, Sathykatha anthannu vacha kandittu angottu mathivarunnilla,Positive
260,Neerali release date epozha makkale ..... Perunnal Derrick abraham angu eduthu makkale,Positive
261, L U C I F E R,Neutral
262, Ente ponnu mammookka  ellarum level .....Ultra romanjification,Positive
263, Mamangam Vismayathinu 5 naalukal mathram Katta waiting,Positive
264,Ethra thavana kandennu enk polum ariyilllaaaa,Positive
265, feels more like a tamil telugu masalappadam.. pokkiriraja comedy aayirunnu highlight.. ithil athum illennu thonunnu... trailer nirashapeduthi...,Negative
266, Oru thavana kanumbozhum hype kooduvanallo Bhaghavane,Positive
267, Ikkka romajam ikkka uyir poli ennni 21 kannnam,Positive
268, im from mars but i love laletan,Positive
269, Balaalsankam.... Aaa pani njn cheyyilla... Neeyum cheyyilla,Neutral
270,16k viewsum 91k likesum itheppadi nthayalum ang usharakkii #madhura raja power of indian cinema mammookkaa,Positive
271, mamooka enn uyir  enn anbu enn singamda enn muth mani... 300crore adikum,Positive
272, Raavanaaya avane illamdakkan oru mahaa avatharam thanne vendi varum,Neutral
273, Ikka     waiting.........,Positive
274, Nammude mutth veedum vannu polikkum muthe,Positive
275, feel good kand maduthavarkkaayitha ichayante  mass masala padam,Positive
276,Jayetta katta fan....pakse ithonum oodathila ..oodilelum nalla cinema ayirnel kuyapolarnu..entho trailer kandite aa feelum varunila...anyway goodkuck,Negative
277,Ufff vere level ikkaaa ingha pwoli aahn,Positive
278, Kerala police friends undel ivide kodu oru like......,Neutral
279, ഇവിടെ telug padangal vevoola mr Twolinjo..,Negative
280, cattepoya ninde chettan cheguttan lasaralla lusifarmatan vannalum raja cup konde poku,Neutral
281, Padam. Kandu kazhinit trailer kaanan vannavar ivide like adi,Neutral
282, Padam kndit vndum trailer kanumpo veror feel,Positive
283,THIS DEAL WITH DEVIL ITH ORU POLI POLIKKUM,Positive
284, Ettan fan aanu  Mamankathinayi katta waiting,Positive
285,Ee varavu bollywood ine thakarkanam enn ente mathram aagrahamavilla,Neutral
286,Pwoli..... ethu vere level..... Raja returns......ikka da,Positive
287, mallu students canada arelum? like here,Neutral
288, trailet ingana.appo cinema enganayundanne parayano... katta waiting..KL 40 fans,Positive
289, Odiyante sheenam njnga lalettante piller ee luciferil ang theerkum....,Positive
290, mammookkaye ee traileril kandu njettattavar aarum undavilla !,Positive
291,ithi varum rajavinta trailer matram iny pooram padathila,Positive
292, Youtube hang avan ready ayiko L,Positive
293, mollywoodin thala uyarthan  mammookkayude vaka puthiya oruitem koodi     mammookka fan like adi,Positive
294, Ottavakkil paranjal oru Pavam Padam.... But powerful,Positive
295,veendum veendum kooduthal praavashyam kaanunnavar undoo?,Neutral
296, Njn oru ettan fan ahnu.trailer pwolichuttoo ikka superr abhrahm pwolikm,Positive
297, Fanbasil maathram movei kaanunnoraavum dislike cheythu negative aakkunne avarkkente naduviral pranamam,Negative
298, Malaya cinema abhimanikkunnu ingane oru nadane kittyathil.....Wish u a very swt & hpy bthday mammooka 🥡🥡,Positive
299, Malayala cinemayude .....  Ore oru Rajavu   #Lalettan,Positive
300, Njan oru katta ettan fan Annu enkilum....ithu polikum,Positive
301, 68 vayassunden oke paranj ingane pattikkale en parayanam sire....,Neutral
302,Nammude kunjunnimaaashine orma vannavar like adiche,Neutral
303, Adipoli super  bgm no raksha,Positive
304, Nenjum virich slow motionil oru varavund massennonnum paranjal pora maranamass,Positive
305, Brothers Daykkum Ittimanikkum Ore Pole Wait Cheyyuvnnavar Like,Neutral
306, Oru onnonnara item varunnundu ready ayi ko makale...luving mammookka..,Positive
307, Njan laalettan fana pakshe i love this movie,Positive
308, 1:44  ikka nigalde energy passion    0:37  0:47 King 1:08  1:26 1:32,Positive
309,Mass trailer .. vere level anu,Positive
310,Loosifarinekal. Viewsum likum  ee trailerinu kittan aagrahikkunnavar adicho likee,Neutral
311,Ikka fans,Neutral
312, Eniyum eniyum malayala cinema orupaad uyaragalil ethatte,Positive
313, 3:15 am ksa time nu kanunnund bro,Neutral
314, Raja  ellam adich toofan aakum,Positive
315,Ikkauda oru Mikacha movie thannayairikkum ithu urappuu MA- angam,Positive
316, Ente ikka ningale vellan oru lalapanum pattula,Negative
317, Itil alle pearle maaney ulluathu.... Trailer il illallo,Neutral
318, Ettante look oru rakshayilla..... Chumma kasarii....,Positive
319, Trailer kandapo oru karyam urapichu #LAD,Neutral
320, Shavakallarayile Kuzhimaadathile Peril Oru Letter marach pedich lalettan ninnappo Onnu Nadungi,Neutral
321,Trailor cut chey,Neutral
322, mammootty anna telugu ārādhakar iviṭe iṣṭappeṭunnu,Positive
323, Ejjathi level sadhanam ishttappettavar like adik🥰,Positive
324, Katta vishayam oru rekshem illa etta fdfs,Positive
325, Padma innaanu kande,Negative
326, 100cr club keriyathinu sesham trailer kandavar undo,Positive
327, All the best ettan fansinte vaka ikkaykhe,Positive
328, fans ticket kittiyavar ivide like adii,Neutral
329, Fdfs vare wait cheyyan pattilla Ijjathi ittam Mamookka,Positive
330, Mammookkayude sound oru rekshayum illa pwolii,Positive
331, Enna parayana  onnum parayanilla,Neutral
332,@ 1:59,Neutral
333, redy ayikko makkalee.. vedikettinu thiri koluthi..,Positive
334,Oru rakshayilla mass trailer!!!  Mammookka 🥰,Positive
335, Ethine dislike adicha nainte makkal eatgaaa,Negative
336,eante ponnu ikka mass love mammookka,Positive
337, Manju chechiye kaanan vanavar evide like,Neutral
338, Nte ponnikkaaa inghal enthinilla porappadilaaa nte ammooo poli,Positive
339, Waste trailer,Negative
340, Super mammoookkkaaa... ....   Oru lalettan bhakthan..,Positive
341, BGM ejjathi...romancham...athine pati adhikam paranju kandilla,Positive
342, 8 mani onnu vagam ayal matiyarunnu. 🤩 #megastar,Positive
343,Ettaaaa kandalum kandalum mathi varunnillaaaaaa poli anu kettooooo,Positive
344, Kashtapettu Unlike cheyyunnavar aaruda fans ennathinu samsayamilla  iniyatra unlike adichalum avarkariyam Padam records bedikumennu,Negative
345, Thakarthu Jayettaa..  katta waiting for Pullu Giri n Team,Positive
346, Malayala cinemayude charithram mattan deric abraham june 16 ethum,Positive
347, Lucifer um madhura rajayum  block buster film avatte........,Positive
348, endhake paranjalu nammal malayalikalude chungukal lalettanu màmmukkayum thanneyanu laletta kkimamukka kki,Positive
349,Eee padam oru above feel good movie aayirikkum een pratheekshikku...DILEEPETTAN. ..love you....,Positive
350, Entirely different dileep etta   A10 okke kanunundallo alle,Neutral
351, Ellarum sradhicho ennariyilla pakshe enikk ee trailer adichappol 10 same trailers vannu ithokke aarude paniyaa,Neutral
352, Njan oru lalettan fan anu.. pakshe ithu polichu... ikka super,Positive
353, E mothalin 68 age und en parnja AR vishvasikunth,Neutral
354, Ente rajuvetaa..Enthina njangale ingane romanjam kollikkunne,Positive
355, Gangster vannu thakarthu ini monsterinte oozham #L,Positive
356, Onnu vegam dec 14 ayya mathiyayirinnu,Positive
357, Thandhayilaathavarum palathandhaku piranavanmaarum aayaa lalettan fanss fislike adikaann kore preyaasapedunundd 🤭🤭abarariyunilaa malayala cinemayude shaapam aann lalettan fans en,Negative
358,7 minute kond 8.3 k view🤩,Positive
359, Lucifer polichadakki kazhinchu enne thonunnavar like adikk makkale..,Neutral
360, 6.1k mamunni fans ithe kandu ennu aa dislike button kandapol manasilayi,Negative
361, Jayasurya chyuna a ella characters um pwoliya... Shaji pappen,Positive
362,Ee vesham cheyan pattiya 2 malayalam actor mare ollu . Athu ...ikka .prithviraj.  sheriyannengil adi like,Neutral
363, Aghu madhurayil ninnum keralathilekk raja varunnath chumma povan alla,Neutral
364, Ithokke dislike adikkunavare kale vari adikkanam,Negative
365,Hindukallku Ivn Ravanan Muslingalkku Ivan Ibleees Christhianikallkidayil ivn Otta Perry ollu #LUCIFER,Neutral
366, Katta waitinggg....  lalettaaaaaaa.... Luv u so much..,Positive
367, eee mammunnikk 10 million onnum ethikkaanulla traniyilla,Negative
368, Hindukalk ivan mahiravan Islamin ivan iblees Christiansin ivan LUCIFER Pakshe nammuk LALETTAN,Neutral
369,Suraj anna.. entha parayya.. annan nte acting .. vallathe range aayi anna.. onnum parayan illa.. othiri ishtama,Positive
370,Njan Katta Lalettan aradhakananu. Ikkayude padathinu ella ashamsakalum.,Positive
371,Vikruthiyude vijayathinu shesham veendum prekshakare akamshayilakkikond adutha padam Android Kunjappan..Awaiting 🥰🥰🥰,Positive
372, Nalla trailer filimum athu pole aakum ennu pradheeshikkunnu,Positive
373,Ikka massmamangam pwolikkum. Ikkade adutha 100 cr movie. Urappicho,Positive
374, Lucifer ....,Positive
375, Nde ponnu idivitte powlich adachu adichu powlikkeda makkale mammoooka,Positive
376, Pakka Antichrist dejjal team movie  Illuminati member lal & raj  Lal ne sradicho keralam avarude kaikalil povathirikkan,Neutral
377,Daily vannu trailer nokuunevar hit like,Neutral
378, Lucifer  Lalettan polikkumm Kerala Abhimanam Lalettan,Positive
379, Mamookka fan aau pakshe annalum ithu flopakumonn oru doubt,Negative
380, Eth oru onnonnara padam aavum enn urappullavar like adi,Positive
381, All Kerala sunny chechi fans Adi like evide,Neutral
382, Luciferine kaal madhurajaye ishtamullavar adiyada like..,Neutral
383, Ee christmasile oru mass entertainer aavum ee film....,Positive
384, Oro thavana kanumbozhum romanjam ikkaaaaa,Positive
385,Wishwasich koode varunnavare geevan      kodutayalum samrakhikkum,Neutral
386, Entee ponn ettaaa..... 1:50 ullayaa ah dialogue oru rekshayum illaaa.....  VAAA DA.....,Positive
387, Youthanmarude youthan njanmmala ikka#FDFS# katta w8ing,Positive
388, Bhagavane  Ikka maranamass  Bgm,Positive
389, Lucifer ini kandam vayi odedi varum,Negative
390, Sanchit Bulhara bgm nte Ponno no Raksha,Positive
391,Njan antarticail ninnanu malayalam ariyilla trailer adipoli,Positive
392, Eid Mubarak mammookka gangster movie song status video,Neutral
393, 1:38 enikkathu inganaaa kelkkunne.. mammoookkkaaaaaaaaaaaaaaaaaaaaaaaaaaa romanjification,Positive
394, lalettan annum innum kolla mass  ejjathi feel,Positive
395, cia   bgm  tch   undalllo  copy  etttaa,Negative
396, Ente Peru Chodikkaathe eduthathil paribhavamilla ketto..  Cinema super aanenn trailer kandappol thanne manassilaayii,Positive
397, Love From #Mamookka Fan..Ee padam pwolikkum..#Katta_waiting..Rajuvetta Enta Romam okke enittu ninnu breakdance kalikunnu..,Positive
398, Kola masss item lalettan polichu,Positive
399, Yendha ee Pallayappan parayunnath. we padam pottum. suvaranu,Negative
400, Raju etta ningal pwoliya. + Lal etta ningal marana mass. Eth pwolikum. Vere level aanu,Positive
401, mammookkayude scenes pause cheytu kandavar arokke undu,Neutral
402, NIMISHANGAL KONDU 34 K...BUT IPPO KURACHU NERAMAAI ANANGUNNILLA,Neutral
403, Youtube enagne  hang akathirikkum .korach koodiya item alle vannikkn,Positive
404,Ikkaaaaa katta waiting.. Ini kurach nal koodi,Positive
405, Best Actor,Positive
406,Addai cinema orma vannath enik mathr am anno??,Neutral
407, :36 second kanikkunnathu sunny wayne aano,Neutral
408, 68 tikayunna youthanu veendum oru perunnal sammanam prisharadi vaka..,Positive
409, Raaza..u Do,Neutral
410,Ikka age ethreyaan enn chodikunilla ath parinjitt karyamilla enna ippozum ithoke egane sadhikunnu,Positive
411, Pwloichu LaletTa ettaN anu njn  Terrible devil mass maranamass,Positive
412, 1st,Neutral
413,Vineeth sreenivasane enikke vishwasa.... ithu pwolikkum,Positive
414, Kandittum kandittum mathiyavanilladoooo.... Endutta mothal ithu....  Devil rules  Stephen nedumballi rules  Ettan rulesssss 🤩,Positive
415, Ee teaserinu Amal Paul linte filmum aayi saamiyam thonnunavar like adikku,Neutral
416, Super heavy  amazing  Ethil aparam onum parayan elaa,Positive
417,5M lalettan da  Adikk makkale like,Neutral
418,5 million akkumennu urappullavar adi like,Neutral
419, Prayam koodundorum soundaryam koodunna ore oraal.. Mammookka,Positive
420, lalettaa...yudham nanmayum nanmayum tammilalla... Tinmayum tinmayum tammil aanu..,Neutral
421, Mass Marana Mass  Stephen Nedumballi yude rashtreeya thervazhchakku ini orazcha maathram katta waiting,Positive
422, Neerali backilekk mari ninnollu Karanam verunnath Abrahaminte pidithama athil neerali churungi pokum..#Abrahaminte_Santhathikal Rise up. ..padam blockbuster hit aavum aavum,Negative
423, 16k views.. But 56k like.... എപ്പിടി 🤔,Neutral
424, Ufff.. Ejjathi item mone   Vakkukal varunila ..etta.,Positive
425, Padathinte peru sheriyalla yenth unda oru veraity vende perinu.,Negative
426, ella ikka fan kand  nokku,Neutral
427, Pwli pwli entammoooo reksha illa marana mass Ettan pakka masss,Positive
428,dislike adicha verum 10k   m@.nmar  aarde fans aanenn parayandellooo,Negative
429, #mamangam 2019 It will be an epic. Mammukka uyir,Positive
430, All kerala lalettan fans  Like adikkkee Nammude power kanilkkee,Neutral
431, Lalettan fb live vannapol paranja vaakkukal ellam sathyamaakunathu pole,Positive
432,Rajuvine miss cheyyunnennu thonnunnavar like here,Neutral
433, Supr trailer oru vettame like adikkan pattullu ennoru sankadam athra kidu trlr,Positive
434,LALETTAN VIKARAMALLA NAMMUDE AHAGARAMANE  LOVE YOU LALETTA,Positive
435, irangunne munne dislike adikkunna thanthakku munne undaaya makkalku midile Finger,Negative
436, Katta waiting.. Tovino fans like adi..,Neutral
437, ith rajuvattante sambil lusipur adaar aitam varunnu MEAGA STAR MAMMUKKAYAN MAKKALE,Neutral
438, 2.7k unlike adicha pengalepanni makkalkku ente naduviral namaskaram,Negative
439,don't do dislike .ikka polichu super,Positive
440, Ikka vera level... ithu 500 cr kerum100%sure,Positive
441, Malayalathinte swandham lalettanu  all kerala dulquar salman fansinte vijayasamshagal,Positive
442, location kanditundo...Kandu nokku super location....,Neutral
443, Prayam oru number maathram thalivaa,Positive
444,Polichhh kiduuu trailerrr ikkkaaa ennummm ikkaa thaneeeeee oru rekshayillathaawa traileerrrr waitingggg for thee moviee,Positive
445, Ente ikkkaaaa kola mass YouTube hang aanu makkale,Positive
446,Ente jeevante jeevanaya ichayoiii niga muthanu kalkkiyeee kalkki,Positive
447, BGm.. Uffffff... Romanjam.... Katta Romanjam  Epic Mamangam.. മമ്മൂക്ക  Haters.... ചാവാൻ ഒരുങ്ങിക്കോ,Positive
448, Pooran mamooty,Negative
449, Prithvirajinu .. thettilla.....lucifer  god luck.,Positive
450, #brothersday yil prithwiraj sukumaran #LAD il mallika sukumaran #ittimaniyil late sukumaran This onam polikkum,Positive
451, Kidukachi trailer ....e prayathilum enna orithaa....,Positive
452,Wokinu edayilum vannu trailer kanunna arokeyund,Positive
453,KINNAN ORU RAKSHAYUM ILLA BGM KIDU,Positive
454, Pwoli pwoli...  Raja sollaruth mattum tha seyyum  seyyaruth mattum tha sollum,Positive
455, First show ente koode arokke varum,Neutral
456, aa ting ting piano evidayoo keettapolle...🤔🤔,Neutral
457,Mamootiku lalettan fansinte vaka Vijaya asamaskal neridunnu,Positive
458,Hollywood level item. ikkaaa,Neutral
459, Malayala cinemayude range maatti rachikkuvaan pokunna mamanga maholsavathinu thiri koluthi waiting for NOV 21 #MAMMOOKKA #MAMANGAM #FDFS,Positive
460, Mamookante scene oo romancham a scene matram njan vindum vindum kanunu,Positive
461, 300 cr adikkum annullavar like adi,Neutral
462, Koode Nilkkunnavark Chunk Kodukkum 🤩🤩 PULLU GIRI 🤡🤡🤡🤡🤡,Positive
463, Anttemoo anthayith akkee kudee oru koritharip,Positive
464, Oru rakashayum ella  Ikka polichu,Positive
465, Nenjinakath Lalettan Nenjuvirich kond parayum numma oru lalettan fan anenn _______________katta waiting,Positive
466,Nalla viewsum subscribe um ulla channelil vidooooo trailar. Ok,Positive
467,Title kanichappo chunk:ayye ikka illadaa enn .ikkane kanichappo avante vayaa adanju,Neutral
468, Madhura raja kurach adikam viyarkum ... Thayoli fans inu dislike adikane pattu...,Negative
469, Oru raksha illa ikka marana mass,Positive
470, Trailer Iranghum munbe lalappans Dislike Adikkunnath Kando . Ithil ninnum Manassilakkam Rajaye Lalappans Pedikkunnu Ennu🤣🤣,Negative
471, Chunk alla chunk edippaaanu laalleettaaan,Positive
472, 0:49 il varunna acress ine ethoo cinema yil kanda orma.. ethayirunnu?🤔,Neutral
473,Raju ettan eghane okke direction Cheyodie hard fan lalettaaa,Neutral
474,Ithoru kidilol kidilan item ayirikum..katta waiting ikkaaa,Positive
475,MWONE ETH KALI VERAYA🤙MAMAGAAM VERA LVL MASSMARIKAM,Positive
476, Eee traileril main oru point und kalanghiyavar like,Neutral
477, Ithilum nallath pulimurugan trailer onnoode kanunnath aayirunnu,Negative
478, malayala cinima ellam hollywood level ayo oh my god,Positive
479, Kalki super hit akum enn Bonny parayan paranju,Positive
480, Capable actress nte nirayilekk baby mol varumennullavar,Neutral
481,Arenkilum poi aa  srreeeekumaarane onnu vilich kaanich kodukkedoo  entha  etha  cinemannu  .....&&&&@@@,Negative
482, FDFS book cheyyum ennu urappullavar ivde likikkoo,Neutral
483,ethipo tamizhanmarum Karnataka ap ellarum indallo laletta love u,Positive
484,Athirappilliyude saundharyam illathaya nimisham 2:07 love uuuu mammookkkkaaaaaaa,Positive
485,lolante lucifer kand kaananthooni  vannavar,Neutral
486, Let's vote   LUCIFER - like  MADHURA RAJA - Comment,Neutral
487, Thakarthu,Positive
488, Petrol vila karanam raja cycilil. polichu!!!!!,Positive
489, 1.3 k dislike adichath eath kundamaran,Neutral
490, Pillerk korach like kodukkuo enn Bonny Annan choikkan parnn,Neutral
491, Come on ellavarum like adichu powlikk,Neutral
492, that dialogue at 1:03 ..... goosebumbsss.... laleettaaaaaa,Positive
493,1.35 secondil purakil nilkunnath rajuvettan ano?,Neutral
494, Peter heina kond vannu mohanlal cheythathu pole cheyyan nilkkanda mammokka. fight ath muruganu paranjittullatha.,Neutral
495, Poyi paranjekku baapa vannitundennu.... Dubailnu... King derick is on hunt....,Neutral
496, Pottum aenne urappayi .... Inne aethra nilayil pottum aennum koodi nokkiya mathi....,Negative
497, Nt ikka ingalu verm ikka allatto ponnikkaya  #romanjified,Positive
498, Lalettnje engne kanan agrahichu ath angne namnal kandu,Positive
499, Athoru valiya kadhaya mone...paranju thudanghiya ori paththu nuppathu kollaththe charithram parayendi varum.....uff ejjathi.ikkakatta waiting,Positive
500, Maranamass  lalettan kasari ini March 28 vare waitchayyanamallo,Positive
501,Vivek Oberoi ku vineethettan Annu sound koduthathennu arinju athu veendum kelkkan Vanna aarenkilumundo,Neutral
502, Innu trailer'um,Neutral
503, Ravananaya avane nerkkuner illathakkan oru maha avatharam thanne vendi varum,Neutral
504, Ithine okke anu trailer ennu parayunnathu,Positive
505, Ee chanelil aano ithra valiya oru cinimayude trailer idunnath  Nalla subscribers ulla chanellil ittal porarnno,Negative
506, 100 k avunnath mumbe kandavar like,Neutral
507, Earangunnathinu munb dislike adich moonjikkaan koreu ennam earangiyittund,Negative
508, Dislike adicha ella mammuni pooranmarkum naduviral  namaskaaaram poy rodich theerkada pooooooranmareee,Negative
509, Lufier trailer kandu odiyan kandavar undo,Neutral
510, Fight scenes muzhuvan hvy  aayittind,Positive
511, Indhrans fansinte ellaa aashamsakalum supportum!!! Pwolikku makkale!!!!!,Positive
512, Uff ijjadi item romanjam ikka fans like adich polikk,Positive
513, Ente doubt enthaan vechal  aaran ee Lucifer ?,Neutral
514, Kgf kaanada,Neutral
515, Cinema kandit vannu trailer kanunna ethraperund evde,Neutral
516,Nalla adipoli trailer Adutha Undayum 18am padiyum Peranpum Yathrayum pole flop urappanu,Negative
517, Mammooka polichu,Neutral
518, Katta waiting aanu makkale june 16th DERICK ABRAHAM entry,Positive
519, International schoolil padikkunnavar dha ivide unnu amarthikke,Neutral
520, Filim kaannadhe trailer kandu diss like adikkan kureyannam vannolum kashtam thanne diss like adikkan mathram jeevikkunna guys hii,Negative
521,Machanmare vivek obreoik vendi dub chythirikunath ara enu ariyamo?,Neutral
522, Model School 🤩🤩🤩 Romanjam  Trivandrum,Positive
523, Adipoli   പടം #ഒടിയൻ Istam,Positive
524, Trailer  kiduve........ ikka fans adi makkale like,Neutral
525, Entammooooo oru raksha illatha trailer Bgmil evidekkeyo avengersinte bgm ullath Poole thonnunnath enik maathram aano?🤔🤔🤔,Positive
526,Ithu  super number hit  akum,Positive
527, Oru rakshela padathin vendi katta waiting,Positive
528, katta waiting mamangam njanum undakum November 21,Positive
529, Malappuram jillakkarude padam. Malappuram jillakkar adi like,Neutral
530, pora,Negative
531, 17k view 100k like 10k dislike.....ithengane......🤣,Neutral
532, Laletta negal namde muthanu ine vere arkum vitukodikila malayalikalude sothanu lalettan.,Positive
533, Ithil mammukka guest roll aanenn ethre perkk ariyaam,Neutral
534,kidukki kalakki superettante ikkaikall the best,Positive
535, Karthik subbaraj gave us the old rajani Prithviraj is gonna give us the vintage lalettan.  Romanjam enoke parana. Fuckkkk!!!!,Neutral
536, ethu type roleum ettante kayil safe aanu... sambhavam kidukum... fans show bookedettan uyir..,Positive
537,murugande kayyil ninnum kastichu rakshapettu rajayude munnil chennu chadi kodutu alle  .....Mr Daddy girija,Neutral
538, Promo video kidukki.. apo trailer thakarkkum......,Positive
539, Poooi mekkele ayidiya kollam ketto... Thaneermethan theernu mekkele...,Neutral
540, Trailer crisp akaamayirunnu..too much aayi poyi..,Negative
541, Marana maaas ....I am waiting for odiyan,Positive
542, Lucifer Mass kuranja strogillatha trailor.madhuraraja teaser tripple strong mass.mohanlal mass look 100/100.mammoottymass look 100/100.lucifer trailorinekkal kidilan madhuraraja teaser.,Neutral
543, Kaaneda പിള്ളേരെ..  100K Views & 34K Likes in 5 Minutes  60K likes in 15 Minutes,Neutral
544, Neerali,Positive
545, Pwoli... By a katta lallettan fan,Positive
546, Kanji edukam samayam aayiee come on guys,Neutral
547, enii orikalum nii oru film um direct cheyalle poda V ASree kumari,Negative
548, Madhuramilatha raja ettadi mari ith item vereya LUCIFER,Negative
549, Tovinokk Rahul Gandhide oru chaaya kaachal 🤔🤔🤔🤔,Neutral
550, Ethra Alinja oru padam Mr mammotty nirthi poekode do🤬🤬🤬🤬🤬🤬🤬🤬🤬🤬🤬🤬🤬🤬🤬🤬🤬🤬🤬🤬🤬🤬🤬🤬🤬🤬🤬🤬,Negative
551, Kandu pinnum kandu veendum kandu sheham kandu ippol kandu ithu kazhinuu kandu,Positive
552, 7 times kandu kazhnju...still not enough....veeendum kanan thonnunu,Positive
553,Nalla trailer thann njangale patichule  vendayirunnu moshamayi ikka fansine tholpichu,Positive
554, Kiduvo kidu.... .. onnum parayan illaa ...,Positive
555, Oh...Iththakathallo. sankar ramakrishnanu dhairyamayi kunjalimarakkar directcheyyam,Positive
556, dis like adikkunnavanmark ethire like adikkan button,Neutral
557, Above 250 cr collection kittum ennullavar ivide come on,Positive
558, Keep going mammukka....  katta waiting...,Positive
559, arokee ningaldee comentsnu etraa like kittenu nokkan vannu,Neutral
560,Oru rakshayumilla nalukalkku ippol kandathivechu ettavum bst film,Positive
561, Yedaa Mamooty poora,Negative
562,Best actor 2nd part anne ennu  thoniyavar like,Neutral
563,Tovinodee oru mass padathinuu vendi waiting aarnuu..  ethu polikuummm..,Positive
564, Onnil kuduthal tavane kandvar arokke und,Neutral
565,hindhukalk avan hanuman Muslimnu suleeman kristhinsnu   sudappi,Neutral
566, Madhura Raajaye pottikkum ennavar like adi,Neutral
567,trailer  marana  mass  mammoka  magastar,Positive
568, Chill roomil kudungi ice aaayi ppopya penkuttiyue katha,Neutral
569,Deivame ith 2 manikkooril nilkkooo.Aarekooyaanithil.ho myaaarakam.Lalettan kiiiiii.🤠,Positive
570, Ith powlikkutttaaaa...... Mavoyist alla avnta appan vannalum nammal odikkum,Positive
571, mohanlal sir - look ..... kiddo...,Positive
572,Mammookka....mass n style kanikan...ningale kazhinjeyullu malayalathil vere nadanmar.. #style #mass #bgm #dop #mammookka vere level... Fdfs locked,Positive
573, Padam pwlikm...ikka oru rekshayum ellah.....Age Is just A Number......from A10 fans..,Positive
574,Tamil nattil ninn vare ikkaakk like ee film pole thanne oru yamandan prema kadhakkum wait cheyyunnnavar idu oru like,Neutral
575,Murali Gopi enna writerum...Prithviraj enna director.... Mohanlal poolathe actor vechu cheriya kalikkonnum nilkulaa.... echiri main item LOADING....,Positive
576,VADAA aaa dialog vera level ane,Positive
577, Lalettan Rajuettan Telugu Fans Like Adi,Neutral
578, enthu oola trailer aanu ithu. poor dialogue delivery,Negative
579, Vedikettu...ee vecation Lucifer kondupoyi makkale....Lalettan & Rajuettan ....,Positive
580, Padam kandavar ivide kayari comment adike,Neutral
581, Hindukalaka ivan mahi ravanan islamil ivana ibilis yena parayum christanikalka idayil ivana oru pera oluu LUCIFER,Neutral
582, 24 k naarikkal eee cinema dislike ittu avanmaarku thallu kodukkuvan agraham ullavar like addi,Negative
583,Teaser  ishttapettavark  Like  adikkan  olla  comment   fans  power  nokkate,Neutral
584, Oh enna kondu vayya I am katta waiting,Positive
585, Teaser kandappo itrakkum pratheekshichilla traler supsupsupsupsupsuper cinema pwplikkum,Positive
586, Oru BEST ACTOR feel enikk maatramaano adiche,Neutral
587, Marana mass waiting for mamankham,Positive
588, Laletta oru rakshayumilla.. FDFS locked.. Katta lalettan fan,Positive
589, Pazhassi raja pole oru mega hit aavatte,Positive
590, Ee role mammookkak aahnnu cherunathu anu arinja...lalettan fans right now kurupottikal....🤣🤣🤣🤣,Negative
591, 0:44 -  0:46    Siddiquie behind laletan,Neutral
592, Oru yugam bharicha chakravarthiyude randam udayam,Positive
593,Ippo kaannuvr like adicho veendum veendum kandittum kothitheeratha oru muthal ufff,Positive
594,Lalettan Salam. Otha enna trailer uh. Last one minute is absolute Goosebumps. Mangalasery neelakandan Karthikeyan odanno Kali..,Positive
595, Cinema kandathinu shesham vannavar undo ivide,Neutral
596,Eee trailor 25 thavana kandavar like adi,Neutral
597, Aaa kochu edhaaa real fighter kannukalile theepori kidu,Neutral
598, Mammookka athirappalli vellachattathinte munbiloode nadannu pokumbole romancham vannavar like adi,Neutral
599, LALETTAAA MUTHEE POLICHU,Positive
600, Mamangathine  Ajaygopal  fansinde vijayasamsakal.,Positive
601, Last black dress sredhichavar ivide like,Neutral
602, laletta movie kku super response aanalloo,Positive
603,Kanjaavu business nashtathilaayappol daddy girija kallavaattu business thudangi.,Neutral
604, Jayasurya pandathetilum poliyali enn tonniyatu enikk maatramanno,Positive
605, Uffff  Ussar look mammookka,Positive
606, 1:34 side ill nikkunnath prithviraj alle,Neutral
607,Yenthina aa manjvine ithilekku valichirakkiyathu aval undayathukondu padam kananulla aa thrill poyi,Negative
608, Vishu stephen kondupoyinn parayan paranju ejjathi pwoli,Positive
609, I love you Etta Etta fans like addi umma umma,Positive
610, Nthu dislikes an... Ninnekondekke dislike cheyyane pattu...,Negative
611, Ee movie pottiyal njan pine Malayalam movie kanoolaa...,Neutral
612, Kandittum kandittum madhiyaavunnillallo deyvame.....Ente laletta ningal star alla oru GALAXY aanu,Positive
613, Best Cinematography Kidilan Oru Rakshayum Illa,Positive
614, Trailer iragunnathinu mumba dislike adikkunnavarkk Naduviral namskkaram,Negative
615, Ith verum mass alla marana mass,Positive
616,Katta ettan fan pakshe entho Manasu parayunu  Ith thakarkum,Positive
617, Padam kazhinju trailer veendum kandavar like adikku . Padam trailer pole alla,Neutral
618, Marakkar polichadukkum Mone kando laletta Love you,Positive
619,Vere level ikka polikum. RAJA vere level aakum. Ikkaaaa,Positive
620, Aa chekkanu Jishnuvinte Chchaya  thonniyavar undo,Neutral
621, Ravle 7.30.k eneete pade repeat adich kanunnavark othukoodanulla sthalam,Positive
622,1 hour 5 lakh viewrs maamaangam rocks,Positive
623, Sooragetta poolichutoo last dialogue epic,Positive
624, Lalettane vellan Indian cinimayil arum ellllaaa...,Positive
625, Dislikes kandappo kurachu vishanam thonni... Ennal comments vayichappol athu mari... Kure nalukalkkku shesham kanda ettum mikacha trailer......,Positive
626, Njan lalettan fan aaanu Enthayalum mammukkaa polikkatte  വിജയാശംസകൾ,Positive
627, 6.30 muthal kaathirikkukayaayirunnu  1st comment idaanulla bhagyam...ee Onam pwolikkum,Positive
628, Sudeep all the best. Trailer kalakki machanea apo padam powlikkum.,Positive
629, Peru orkunnilla..  Oru english film orma vannu..,Neutral
630, Supperb ikka pwolichuu..ikkaa swoth baaki ellaam myr,Positive
631, Soubin achanod vazhakakakunu...achanu sahayathinu robotine soubin set akunu...robotinte koode jeevikuna achan parishkari akunu...achanum makanum onnikunu...subham,Neutral
632, Cinemakal koodumthorum age kuranju varuvanalloo.. Kidu look..  HBD IKKA,Positive
633, Title il Suraj ettante peru vekkaathath moshaayipoyi..,Negative
634, Eee trailer njan ethra pravishyam nokiyann enikku ariyilla ningalum ingane tanneyanu ikka isttam,Positive
635, Trailer oru rakshayum illa 3 vattam kandu  Not the point aarudeyum fan alla,Positive
636, Eeee paheyente sthaneth..Mohanlal annn 70am vayesill Eee padem cheythirinnenkill....edukam..pallikatilekh. Lal ettane..allenkil dehippikam..,Negative
637, Oru raksha illa oru adaar item  Marana Mass Ennu Paranjaal ithanu  Super Super Super,Positive
638, Madhurarajaykku LUCIFER inte half like polum kittillannu urappullavarkku like adikkan after # madhuraraja trailer,Neutral
639, Laletta va da namku oru kai nokam,Neutral
640,Onne poyeda mugath puttiyum adich oronne iragiyekum mega star,Negative
641, Lalettan faanan but ee trailer kidukki tto,Positive
642, Licifer vannna ennenthe pooram vanu.....madhuraraja 6 manik thanne poyi......but l is loading...coming....minutes left,Positive
643, Lalettaaa pwolich..... Ntammow Katta waiting..... Lalettaaaaaaaaa,Positive
644, Pokiri raja reloaded  Katta waiting  Madurai raja,Positive
645, Kidu trailer mammukka ithil 100 kodi urappu anu #justus143,Positive
646,11M views aayo ennu nokkan vannavarundo?,Neutral
647, Innale 9.30n kandu 154k aayrunnu views  Now....,Neutral
648, Ithu oru padamayirikum action orupadu vyethasetha ulla oru film ayirikum.....,Positive
649, Idi vetti mazha peytha oru feeling..🥳,Neutral
650,Padam kandathinu sheshavum treiler kaanunnavar undo...bell the botton,Neutral
651, Perr  kand trailer nnokkan vanna thrissur karr like adik🥰🥰,Neutral
652, Cast\r Mammootty \r Unni Mukundan \r Prachi Tehlan \r Siddique \r Achuthan\r Anusitara\r Iniya\r Kaniha\r Tarun Arora\r Suresh krishna \r Manikuttan\r Sudev nair\r Manikandan,Neutral
653, ee padam pottum enn thonunnavar ethra per???,Neutral
654, Padam irangum munpae 6 M adikum ennu thonnunavar adi like,Neutral
655, Enteeee moooone kidu kidu last aah adi kandappoo killi poi angna poyavarkk lik adikaaanulla sthalam,Positive
656, Ithu pole bgm ulla mass trailer ithu vare iragiyittila .,Positive
657, ikka mass alle.lalettan fAns kude ondu,Positive
658, Trailer kandittu film pottum 100 %.,Negative
659, Mammookyde oru padavum fdfs kndttla.. ith FDFS locked,Positive
660, Marana  mass  ikkkaaa,Positive
661, L A L E T T A N   RAJUVETTA making oru raksha illya... Can't Wait......!!!!!!!!!!!!!!!!!!,Positive
662,Aah...kidukki....teaserile niraasha...trailerum bomma paatumothukki..... Ss...i am thrilled...,Positive
663, ee unlike adichavark oru asukam undu enthuvanan ariyamo asooya,Negative
664, Onnum parayan illa polich adakki mammookka,Positive
665, Id kanditt bestt actor movie ormma vanna arenkilum undoo,Neutral
666, Last dialogue.... oru rakshem illla... .... Asoooya verum asoooya.... Sontham naadine vittukodukunna kali illa enth vannalm...,Positive
667, Ini ore vijayiyum keralathil vanne negalikkan padilla,Negative
668,Ippo kaanunna ikka fans un do oo,Neutral
669,Pokkiriraja kazhinjit madhuarajak wait cheyunnavar like adi makkale,Neutral
670, Bilal jhoninu.  Davide ninanil ഉണ്ടായ സന്തധി deric abraham,Neutral
671, Trailer kidukki full movie kidukidukkum.. we still waiting..,Positive
672, Good Luck Prithviraj And Lalettaaa Pwlichekkane...,Positive
673, Nte laletta  Idikatta waiting aaa..... Ummah. Theatre pooraparambha urappaa,Positive
674, #mamangam uff ijjathi trailer oru rakshem illa poli,Positive
675, Polich  .   Best film in 2019,Positive
676, Njanentha ipam kande... Ivide enna oru BGM,Positive
677, Raja Returns powlichu Lucifer നെ ക്കാൾ അടിപൊളി trailer,Positive
678, raja v/s lusifer -ഇക്ക  v/s ഏട്ടൻ ith pwolikkum,Neutral
679, From tamilnadu mamukka fan vera level,Positive
680, Ente mammookka  Ithokke abhinayikkanel minimum range venameda  Vere level,Positive
681, Padam mass verum mass alla kola mass,Positive
682, Onnum parayanilla.. ikka ee role polichadakkum enn sure,Positive
683, Dislike adicheverk oke ente vaka Nadu virel  pranamem,Negative
684, 18ampadi enta schoolil aanu shoot chytha christ nagar pinna njan arun alla gokul cinemayil valla chance undo sir,Neutral
685, Netflix le oru series nte trailer kanda Pole und,Neutral
686, ekka faans likes here  njanum ente kalikkarum stronga 3ble strong,Neutral
687, Padam moonjiyathinu shesham ethra peru vannu?,Neutral
688,Onnum nookanda..Neetti oru like angu adicheekku...,Neutral
689, Mammokka nigalude hardworkinu nalla vijayam thane kittum,Positive
690, Kalabahavan shajon laleetane chathikkum athe urappa trailer kandappo manasilayii,Neutral
691, Pwoli sharathe track mari mamagam 🤩,Positive
692, Lucciferine pizhutheriyan  ravananaaya aa avatharam varunnu,Neutral
693,View etrayayee ennu ariyan veeunavar undo ?,Neutral
694,Padam kand trailer kaanaan vannavar like adi,Neutral
695, Njan Ettan fana ennaalum paraya e padam polikkum,Positive
696, Support cheyyan Lalettan fans undoo ivide ????,Neutral
697, Ethree telugu padam kandaathaannu saiju kurup alle main villain....,Neutral
698, Nalla padam aanu enthinu aanu thallu padam ennu paranyunne nn mathram ariyilla.nalla degrading ind,Positive
699, Pokkiri raja yil siddique inte kayi vettiyirunnu.. Ithil angane onnum thonnunilelo,Neutral
700, Fanism baadhicha Kore malaranmaar dislike adikkunnu...,Negative
701,Rajayod thalkalam varendenn paranjek...Stephen kalippilanu.katta kalippil.oru rakshayumilla..polich ponnu,Positive
702, Dislike cheyunavare odiyan urumbu kadikunathu ayrikum .,Negative
703, vere vella panikk poda..nayinte mone....thantha kelava...lalettante myr nakkan polum anne kond pattillada pooraaaa...,Negative
704, Engane aada uvve 32K dislikes okke vanne? nammude naatil athrem mandanmaar undo,Negative
705, Pritviraj ellareyum kondu English parayippichu. Bhayangaram thanne.,Neutral
706, Mammooty last 15mnt ulu e filmil,Neutral
707, Dileepettan jailil pokatha oru padavum ippol irangunnillaaa... Irangunnathokke super hitum,Positive
708, Age  68    mammmukka da,Neutral
709, powlichu eth vere level movie ayirikum,Positive
710, 1:23 ee shot repeat adich theatre il enganirikkum enn alojich romanjam konda etra perond,Positive
711, Adipoli bgm and fight scenes super,Positive
712, Status Videos Mathramulla channel aanu,Neutral
713, Ee cinema ethayalum mammukaude blockbuster movie ayyirikum.100%,Positive
714, Avasanthe Thalaivaa vili pinne aah Fight Hywaaahh Polichadukki,Positive
715, Super movie.. undayum illa oru andiyum illa,Neutral
716, Screen presence il mass kanikaan mammukka kazhinjitte mattaarum,Positive
717,endukond viewrs koodunnilla ?? ippozhum 2.8m aayitollu,Neutral
718,Dislike thannu promotion kuuttiyavarkkum ini negative adikkunnavarkkum orupaadu nanni,Neutral
719, Ayyyooo ika ithil gust roll aanooo,Neutral
720, Enta ponnoo... oru rakashem illa romanjification kond irikanum vaya nikkanum vaya,Positive
721, ഇതു തൃശൂർ slng pole.. enikk mathramanoo thonniyadh....?,Neutral
722, Ee flim ne support cheyyunnavar kk urapundo nigalk ithi 3 IL athikam time kandit super anenn parayan pattumo?,Neutral
723,Aa 1.3K dislike adicha naarikal aaranne ivdareyem PARANJE padippikanda kaaryamillallo le?,Negative
724,Only for ഇക്ക Not for sunny,Neutral
725, Ithupole mooonchiya Oru padam jeevithathil kanditillaaa.....,Negative
726, padam ennum kandu  eppazum kannan thonunna padam,Positive
727, Toveee...... ichayo... trailer kandu aaake excitement adichu irikkuva...film ethrayum vegham theater lu ethiyengil,Positive
728,Kiduuuu.. kiduuuu... Maranna item... Maranna mass BGM,Positive
729, Mammuka fans hit like Mammukayude meyvazhakam haters kaanan pokunnathe ulu,Positive
730, Ooh!! Mass ennoke paranjal para masss... Lalettan kiii,Positive
731, Last scene ente ponno !! Love you Love you Lalettaaa :),Positive
732, Ee Trailer 2.05 sec olluyegilum orupaadu scenes und,Neutral
733, Aa last nadatham kanditt best actor orma vanna arelum undo..?,Neutral
734,Ithil avante name. Mummy girija ennaakum,Neutral
735, Kolamass alla Marana mass alla adhukkumeleya nummedae ikka  Ikka ki jayyi,Positive
736, Ikka,Positive
737, Superb ikka njn oru ettan ഫാൻ,Positive
738, Ethu 18 alla ethu athukum mele Ulla PADI Anu,Positive
739, Lalettan fans full support und makkaleee......,Positive
740, Unni mukundhantea oru dialogue kelkan aaaagrahichavarundo,Neutral
741,3:30 muthal ee channelin mumbil irikkuvarnnu,Neutral
742, Ithanu njngak ishtamm olla mammooka..padam hit avatte..from an ettan fan,Positive
743, Jayasurya mass after long time.podi pooram,Positive
744, Title kandapol ninja game oarma vannu,Neutral
745, America atom bomb itittu thirnilaaa pinaa allee bengalikal!!!!!,Neutral
746,Maoist alla avnte achn vare namml adich odikkum ikkaaa,Neutral
747, Ippom itharalum kannan vanno vannavar like button adichooo,Neutral
748,Jayettante punyalanu sesham trissur slangilulla hitakum ethu,Positive
749, Song kandapole alla trailer kandapole antho onn olinjiriponde.,Neutral
750, Pinneum pinneum ithu kaanuna ethra peer und,Neutral
751,Mamangam Trailer Troll Video kananamenkil #RijasModed,Neutral
752, Ippo madhuraraja teaser kanunne illalo youtubil,Neutral
753,padam engane ennariyilla..pakshe mammookakk guest role anenn sure aaayi,Neutral
754, Kanda chaavali raja pole alla... kidilan,Negative
755, Ivanittoru poosha angu pooshiyalo....   Ittichan poli kidu,Positive
756, Ikka varilla enn orthath njn mathramo..?,Neutral
757, Mass and class . Mammookka #faceofindiancinema . Nalla cinema aavatte,Positive
758,ഇത് pirats ഓഫ് caribian annu bri,Neutral
759, Fight scene marana maasss repeat  adich kanuva,Positive
760, Hey Lucifer Bai inn etra pere konnu? Like kgf,Neutral
761,Malappurathum kozhikkodumula jhangal eebashakett chirich mann kappi.. marakkarenna deerayodhavinte shabdam inganeyalla. Vendath.... ith mimikrikkar stegil avatharippikunna comedy paripadipoleyanallo.. ha...,Negative
762,Padam kanda shesham trailer kandathukondu oru aaswasam.,Positive
763, Character poster kandu rajuvettan undo nokkan vannavar ethra perund🧐,Neutral
764, Lalettanu Thulayam malayalam film industry yil Latten mathram...,Positive
765,ഞാൻ ഒരു മോഹൻലാൽ ഫാൻ ann  athukomd pryuvalla trailer polich,Positive
766,Krithyamayi paranjal 30amathe thavana aan trailer kanunnath.,Positive
767, avasanethe chadiyulla adi adh polich ikkaaaaaa,Positive
768, Njan oru ikka fan alla paksha as a malayali i am katta weiting for raja 2,Positive
769, 8 mani aaavaaan vendiiiii katta waiting,Positive
770, Entammo ella frame um poli aananno,Positive
771, LalettaN Poli 2 kg Potherachi Vangi Veetil Ponam🤩ഇട്ടിച്ചൻ,Positive
772, Oh enthoot kidu trailer laletta.. kidu mass!!! Love u.. and welldone Prithviraj!,Positive
773, cinema kandu....addipoli.. adyamaayitta oru cinema adhe divasam 2 thavana theatril kaanunne,Positive
774, 5 millionilekk kuthikkunna makankam trailerinu ellavidha bhavukangalum nerunnu,Positive
775, Sreelumaram kandu padilli aampillaru cinemayedukkunnathu engane ennu,Positive
776, Enganey thonnunnadey. I. Trailer Inu dislike adikkan,Negative
777, Cinema kandittu vanna njan matrm aaano,Neutral
778,Sunny chechide kolam nokkan trailer kandavarundo,Neutral
779, Ee Trailer Njan Thaetril Kandappo Ennaa Feelaan! Tovino Achayan Ishtam!,Positive
780, Movie katta waiting lalettan fans ee video koodi onn like chey tamil nadu koodi ariyatte  Link:,Neutral
781, ethra viewersayi ennu  nokkan vannavar adi like,Neutral
782, Like athreyayi ennu ariyn vannvr indo???,Neutral
783,Ee avinja fansukare kond thottaallo dei padam kollamengil oodum allel pottum,Negative
784, Ithu Kolakolli item Lalettan fans kathirunna padam Ith thakarkkum Lalettan fansnu aakosham mmakk pwopichadkkam,Positive
785, Vegam 6 mani ayal mathiyayirunnu .katta waiting lalettaaaaa,Positive
786, കൊല കൊല്ലി Item....Laletta.. Big salute to Raju ettan.. Lucifer,Positive
787, Innu thanne ithu etramathe vattama e trailer repeat adichu kanunnennu eniku thanne ariyilla...kidiloskki,Positive
788, Masann enn paranjal marana mass ith polikum,Positive
789,Ho...oru azhchak ithrayum Neelam ondo?... Idikkatta waiting...,Positive
790,KATTA WAITING.BGM POLICHU ORU RAKSHAYUMILLA.SUPER.MEGASTAR MAMMOOKKA,Positive
791, 1. 1milliion @2:30am kanunna arelum undo. . Ettna,Neutral
792, Aju vargheese negatuve role aanen thonniyavar ondo,Neutral
793, Anu  fans like Ikka fans comment,Neutral
794, Appol  lalettante padathinte Record ellam  thakarthu  eriyan pokunnu alle ayikotte malayala  Cinema uratte,Positive
795, Ejjati item ettan pwolikkum all the best raju etta,Positive
796, Ithupolathe kidilan trailer vannitt katta support kodukkathirikkan pattumo it is very awesome,Positive
797, Odiyanu shesham adhe jodi manju &lal,Neutral
798, Ee like button oru thavanaye adikkaan pattu allee,Positive
799, Tovinho fans like അടി..... tovinho പൊളിച്ചു,Positive
800, Marana Mass Trailer........ Katta Waiting FOr DEC 20.. Pullu Giri,Positive
801, Viswasichu koode nilkkunnavare jeevan koduthum samrakshikkum..  ikkayude voice & dialogue uff orujathi odukkathe feel.. romanjam at peak,Positive
802, machaane ith polikkum......ittichante vaka oru sample vedikett maathram...ini theater pooraparambaakkkaan...ittichan oru varavukoodi varunnundenn paranjekkk......(ittimani),Positive
803, Eee trailerinu dislike adikaaanum oru range okke venam 🤦‍ kashttam  Luv u ikka,Negative
804, Super entha paraya kalum kayyokkey tharikkinu kandittu,Positive
805, Mammokka ningal prayam sherikku 68 ano?,Neutral
806, Enda ponno mass padam i like it mostly,Positive
807, Adipoliii padam....ellavarum must watch.....suraj oru rakshem illaa,Positive
808, Ikkayude Sound Mathram mathy FDFS urappikan,Positive
809, Prithviraj. Nighal oru marana mass sambavam,Positive
810, Ohh avasathe aa idi.....how bhallaatha jaadhi...,Neutral
811, Video kandutheran samayam aayilla athinu munne malaranmar dislike adikan thudangi,Negative
812, Randu perum vishu angot kondu poyi...... Malayalam cinema industryde uyarthu ezhunelpum,Positive
813, nthayalum firstday firstshow urappichu kore naalayi malayalathil immathiri action padam erangittt kandkalayam,Positive
814,Ithiloke vannu dislike adikunnavane okke namikanam,Positive
815, Ikka varunnu iniyum maasukal srshtikaan in the age of 68 ikkaye ishtamullavar like kodukk,Positive
816, Adipoly🤩🤩lalettan fan thanne aaganamennilla sharaashari oru cinema premi aayaaal mathi ith kandit romaanjification undaagan🤩🤩🤩🤩🤩kidue !!!,Positive
817, Pwli trailer,Positive
818,eee trailer oru cinema kanunapole irunn  kanan pattiya oru item ann  christianigalk idayil ivan oru pere ullu.. #Lucifer,Positive
819, PRITHVI & TOVINO 🤩Ishtam            LALETTAN  allah... parayanundo Peruthishtam......,Positive
820, real fansinu kuru potti tudangi 1.4k dislikes,Negative
821, Ithano aa cheriya movie  pattikallae,Positive
822, Ethile fight scene kaanaan akrahikkunnavar like,Neutral
823, Dileepetan cinemeyilum yadartha jividhatilum vijayikum.all the best dileepetta,Positive
824, Njan mammootty fana but lalettan e onam thootuvarum polikkum,Positive
825, Model schoolil padichavark like adikanhulla comment 🤙,Neutral
826, Ee trailer kandapo KGF ormavanavar  adikk...,Neutral
827, ethinu okkae dislikes adicha chila prajanda kunju ghalodu enikku etrae parayan ullu odada pullae kandam vazhi. Uluppundo ninakku okkae.,Negative
828, Like vare udayippil undaakkunna fans ayee,Neutral
829, Endammooo yeath level   Ettan    Rajuettan,Positive
830, Enne pole ee trailer slow modil ittu kanda vere aarelum undo,Neutral
831, Malayalam text bookil kandu maranna mamagnam Puthiya avatharam edukkunnu,Neutral
832, Ente laletta powli. Romanjam...... Umma..... Love you laletta. Raju etta ningalu powliyanu,Positive
833,I'm from Bengaluru,Neutral
834, Thugs of hindhustan njan kandatha ...,Neutral
835, mammootty fanse nde vijayasamsakal ...............jayeettan masss kolammaaassssssssssssss,Positive
836, oh my god this is superbbbbb,Positive
837, Padam kandavark trailer kanumbo ulla romanjifications pwoli aaan,Positive
838,1:22 entammo ijjathi mass scenes edukkan prithvirajine konde pattathullu,Positive
839, katta waiting ..from a katta ettan fan,Positive
840,Ente ponnoooo oru rakshem illaaaa... Ikkaaaaa pwolichuuuuu,Positive
841,Ith oru hit aavum ennullavar like,Neutral
842, Last aa chadi adi.... Uff.        Frm an ettan fan,Positive
843, 5 million views aavum ennu urappullavar like,Neutral
844, Pulimuruganae polae kidu bgm venamayirunnu.. katta waiting..,Positive
845, kalakki Kalakki. Onnum parayan illa,Positive
846, Ningale katatthi vettan ningal matrame ollu laletta,Positive
847, Polichhhh malayala cinema vera level aakuvanallo... eni lalettan marakar,Positive
848, ijjathi moonjiya makeup ikka... shokam aaki kalanju,Negative
849, thalaivaaaa.......  sollarathu Mattumdha...saiva..... ethrayum nall evidarunu....    chillarkku kuru potti thudagi ....,Negative
850,Ente lifil inneee varee... oru trailarum ithu poloru romaanjam thannittilla...! Vere level...!,Positive
851, Angane july month ile ende aadyathe leave njan angu edukuva July 5 nu,Positive
852, Hindu kalku Evan mahiravathy eslaminu ebilees ennu vilikum cristhyanikalkidayl evnoru pereyullu Lucifer,Neutral
853, It’s amazing vere onnum parayan illa,Positive
854, mmmm  athum  theerumanam aaayi...,Neutral
855,T series nte subscribers  6 m 7 million akkan ikka fansne kond kazhinju,Neutral
856, Eante ponnooo romanjam vannu poeonnum parayanilla,Positive
857, Maoist alla Maoistnte apanae varee  nammal  putikum all the best mammoka  & unda movie team,Positive
858, Rajuvettandhe direction vere level aayirikkumennu trailer kandappo manasilayi...#romanjification,Positive
859,Ichayan fans pinne mmade ettan fansm ivde oru like idadey Ith nanjankottayile raajavu,Neutral
860, Thalli thalli kure ayallo oru padamenkilum vijayippichu kanikku kidannu thalli marikkathe,Negative
861, Muslingalk idayilum Xristhanikalk idayilum Hindukalk idayilum  Ivanu ore oru pereyyllu.....raja,Positive
862, Ente kuttikkalathu ente nattil undayirunnu ..odiyannnn,Neutral
863, Trailer Adipoli .. Ore oru mistake..!! Ethilum kudithal SUBSCRIBERS ulla Chennel il Release cheyyanamayirunnu,Neutral
864, Ufff poli  chekkan kidukki  Hbd ikka,Positive
865, trailer pwolichu.mammukka kalaki but bgm kurachukudi adipwoli akarnnu,Positive
866,BGM is like...  CIA bgm,Neutral
867, Sohan sinu lal undallooo  Appo eee padavum......,Neutral
868,Pirates of carriebian scenes illennu oru doubt 🤔🤔,Neutral
869,Anusitharayude abinayam rassamilla kaanan yella fillmilum kanakkaan (my personal opinion),Negative
870, Mammokkade pillerk vendiyulla like button,Neutral
871, puli murugante  set. eppozhum  lalettan  chunke  deeee,Neutral
872, Eth suraj ettan vaikunundengil.....etta nighalanu epo ente superstar....parayunathinekalun nammal chaidhukanikunathila vijayam ennu ketitund...proud of u....oru aniyathikutti...,Positive
873, EE  oonam ETT!M@@N! KONDUPOOKUM THERRCHA.....,Positive
874,1 week kayinjal edenkilum channelil kanam,Neutral
875, മധുരരാജാ ടീസർ : 3hours/27minutes=111k view lucifer:28minutes=152k view,Neutral
876, Ettan mass anneee.....Nala orginal paka mass,Positive
877,Sunny chechiii Fans Hit like,Neutral
878, Ippoyum vnit aarakilum trailer nokr undoo mammuka ishtam love you,Neutral
879, Promising trailer... Lalettaaaa rajiettaaaaa പൊളിച്ചടുക്കി,Positive
880,Raaja lucifer oru day irangiyirunnel lucifer moonjiyene......,Negative
881, Eid usharakkanam ..Ithiri late ayalum nammal polikkum. Mammukka sa,Positive
882, Level item.. Padavum ithupole aya mathiyaynu,Positive
883, Lucifer movie kanditt  ethil comment edaan vannavar like adi.....  Mass lucifer lalettan mass,Positive
884, Eee trailer kanditt dislike adichavan mareyokke sammathikkanam..,Negative
885, Ithu oru tamil/Telugu style padamaayi poyaallo dialogue and bgm oru gummillaa,Negative
886, Lucifer pola nalla oru padam avatte,Positive
887, Dislike cheytha ellaa poorimakkalkum naduviral namaskaram,Negative
888,Best wishes from a ചെകുത്താന്റെ fan..,Positive
889,Mammoka mass's super Entae videoum kudae kaanu,Neutral
890, Ikka fans like button neela aakkeett poya mathi,Neutral
891,Eee padam pottum enn abiprayam ullavar evde Like cheyuka,Neutral
892,Views nokkan Vanna ikka fans like,Neutral
893, E Assasincreed  te trailer 2019 lu knnunavr etra perund,Neutral
894,Dislike adicha makkale.... nighakkula vadem chaye pinne tharaatta,Neutral
895, athoru valiya kadhayaa monee . paranju thudagiyaa......................super dialogue,Positive
896, Nty amoooo kunjalimarakaar 9 alla  oru pulikutti ayirunu Lal sir nigal samsarikubool Chiri varunu,Negative
897, I:46am  ithu 12 pravasyam annu kannune..stephen nedumbuli,Positive
898, Ithu kandappol uru pazaya commissionere oorma vannavarundo,Neutral
899, Ufff  kidukkachi nalla rich feel,Positive
900,Vineeth sreenivasan Chetante cinema aano...nkil padam kiduvarikkum,Positive
901, Failure anu nalla mammokka movie kandu varashangal ayi....,Negative
902, Ayyo innale undayirunna like kuranjallo .auto fake like youtub remove cheythennu thonunnu,Neutral
903, Ethra kandalum oru madukunilla ee trailer,Positive
904,Idu ettu nilayil pottum....mommoty vannu thalli marikkum endammo chali,Negative
905, Ethra viewers aayi ennu nokkaaan vannar adi like.,Neutral
906, Movie kandu super movie anu nalla oru story undu,Positive
907, To be very frank,Negative
908, Thudakkam kandittu Jo Jeeta Wohi zikandar  Orma vannavarundo? Amir nte Modal School,Neutral
909,22K   Dislike enthuttta pattiye ¥ SuPpER teaser,Negative
910,LUCIFER film kandittu trailer kanunevar ethra paerru,Neutral
911, ethra trolliyaaaalum eee trailer oru sambavaaayindee,Positive
912, Trailer Veendum veendum veendum Kanunnaver undo,Positive
913, Bgm .. repeat mode .. njan maathram aano?,Positive
914,Ikka vere level,Positive
915, Deleep atta padam orappu maga hit,Positive
916,Idi vett sugunan miss ayi poyi llee,Neutral
917,Ethinakath ondo nammade dady girija appo kanjavu kesu kaanum,Neutral
918,Onnum than e parayanilla bgm kalakki,Positive
919, views 462k hang aayo ennoru doubt,Neutral
920, Paranjere malayalathil oru stunt master vannitundenn,Neutral
921, 10 il kooduthal kandavar like adikk,Neutral
922, Njan oru mohanlaal fana   Pakshe ith vallathore vishayam filim aaairikkkum,Neutral
923, Pwoli trailer sunny chechiii istam ikka jeevanaanu,Positive
924, Pani ariyavunna oruthante kaiyil lalettane kittiyal theeravunna preshname undayirunnullu. Athethayalum ok ayi.  Lalettanrajuvettan,Positive
925, Fight illatha lalettande aadya padam .,Neutral
926, poraa pratheeksha illa.. Tovi voice rendering sradhichitilla..... camera,Negative
927,ADIPOLLI  STOREY AJU*. *IKKA  MASS,Positive
928, Ejjati item ##Derick ikka katta waitingz ##Bgm 100%##,Positive
929, Tamilil vijayde moviekku audio launching prgm veykunnapole ee padathinum bst stage show audio launch venam..venamennollavar ivde like adichee,Neutral
930, Ikkakk Happy birthday parayan vannavarr adikk makkale like,Neutral
931, Ente ponne iger pilichadukku lle,Neutral
932,3 MINUTES MARANAMASS TRAILER  KATTA WAITING......  MANJU MASS LALETTAN MARANA KOLAMASS,Positive
933,1:01 Prithiraj  ano naduvil nilkunna aaal 🤔,Neutral
934, Sreekumar avila prithiraj ennulla viswasam und .... So all best u guys,Positive
935, Mamooka fans like adikan ula place,Neutral
936,Arjun reddy yude bgm inte thudakkam pole und,Neutral
937, Trailer pwolliiii Eni padam koodi set ayaaa,Positive
938, Ithu kidukkum,Positive
939, PazhKkam koodubol veeryam koodunna veenanu ikka,Positive
940, E trailer 5 il kooduthal kandavar like,Neutral
941,Film kanunnathinu munpu trailer kaanaan vannavar undo,Neutral
942, ettavum polichath bgm aanu .no raksha,Positive
943,Lallettante masss kannannelll decemberil odiyan irangumbol teaterukalileekku vaaa odiyanthe odi vidhyakal,Positive
944, Cinema vizag kandu... Polichu ... Super duper hit,Positive
945, Padam kanditte ite kanan vannavar like poduu.,Neutral
946, Adipoly . Rocking enik eshtamaayi . Adipoly . Rock on,Positive
947, Mammoka karanjal sahikkathavar indo..valsalyam,Positive
948, Superb Laletta .....Love you lotsssss......Othiri ishtam Lalettane,Positive
949, innale 7 Mani muthal Kath Kath ninnu trailer nu vendi.....thakarppan trailer .... love you mammukkaaaaaa,Positive
950, Ee mohanlal padam 150 crore clubil varatee,Positive
951,Oru doubt ithil ethu kalakhattamanu kanikhunnathu,Neutral
952, Comments full like thendikal aanello. 🤮,Neutral
953,Pwoli mass marana mass iam waiting,Positive
954, Pirates of the careebian kandavarkku othu koodaanolla nool,Neutral
955,poliyalle  adi like ikka fans onn kand nokk,Positive
956, Patti vananagal okke dislike adichu thudangi ...,Negative
957, Malayalam padam odikkenda takkesil achayn keri telugu padam odichuuuu,Neutral
958, adiyeda adi       namma rasa vandhitten   raja pokkiri raja,Positive
959, Ayye luciferinte aduth polum etheella.Luciferine pottikanonnum ponnilla.Lucifer trailer kandappam mone oruuuu romnjam aayirunnu.Ithenthooonu ayyyye....,Negative
960, Vivek Oberoikku best villainte award koduthillengilanu!,Neutral
961, anusithaaraye kaanan veendi trailer kandavar ivide like cheythooli,Positive
962, Ettan industry hit adichal ikkante hit urappa... Angane aavattee....,Positive
963, Madhraraja  ith ikkem ikkade pillerum pwolichadakkum,Positive
964,Mammuka evide evideen kannum nattu nokkiyirunnath njn matjramanoo?,Neutral
965, Ee videokk sheesham tovino fan aya arokke und🤚🤚,Neutral
966,1:52 mass level  Fdfs urappichavar like adikku,Positive
967, 20 minutes  151 k veiws  Otta peru,Neutral
968, മാക്സിമം ഷെയർ cheyyu.... Trailer erangunnathinu munp maximum likes...,Neutral
969, Against കമ്മീസ്,Neutral
970, ipozhe 48 unlike samshayam illa bengalikal thanne,Neutral
971, Ikka haters onn ood kandam vazhy....,Negative
972, Padam verum oru below average Lucifer like oombiya Padam aakum enn orappullavr c'man!!!!,Negative
973,Ithu kanditu jayasuryayude idi ormavanthu enk mathramano?,Neutral
974,Dislike adichaa ellaa makkalkum oru nadu viral salute ...... It's Lucifer daaa,Negative
975, Big b model...  Ikka fans hit like,Positive
976, Pakahe prithivraj evide poyi? Pokirirajail undayirunuallo...???,Neutral
977,Ente channelil ninnum nyan oru short flim undaakkaan plan cheyunnund അത് ningalk kaananamenkil ente channel subscribe cheyoo,Neutral
978,Oru best actor manakkunnu....happy birthday chunk ikkaaaa,Positive
979, 1.49 bgm started... Bgm nu vendi wait chythu irikkunavar like adikk,Neutral
980, 1k dislikes Ella dislike pannikalkum endhe naduviral namskaram,Negative
981,trailer kandappozhe cheriya oru verup thonniyavar like adikku,Neutral
982, lucifer kanditt trailer onnoodi kaanan vannavar like adi  hvy hvy padam,Positive
983, Ith kgf poolee kadhaparachilanooo by indhrajith,Neutral
984, Acting ഒരു രക്ഷയും illa.... baki illathoke pinne,Positive
985, MAMMOOKKAAA....  NIGHAL MUTHAANU....Nighal kola maassalla...  kolaveri maasaanu.....,Positive
986, Kore naalk shesham ikkante padam kananam enn thonnath ee trailer kandapola...ith polikum...,Positive
987, Ente ponnnnoooooo.... Vere level,Positive
988,Rajuettan oru rekshayumillatto...... Direction pakka...& Lalettan as usual marana mass performance,Positive
989, Villain Tovino & vivek oberoi ...( just a guess ),Neutral
990, Oru reksham ella masss atra parayan epol patuuuuuuu laletan polychu,Positive
991, Tickets edukkan chaver akendi varoonna thonnunne,Neutral
992,Malayalam kandathil vechu ettavum adar trailer,Positive
993, trailer kandappol kanan kuduthal excitment undayi enullavr like adi,Neutral
994,Mass trailer,Positive
995,Oru Rakshayumilla Laletta.. Aarokke und katta supportinu?,Neutral
996, Tovino chetta pwoli love from Kanniyakumari,Positive
997, Guest role anenkillum mammooka poliyannu,Positive
998,Kure nerayi repeat adichu kanunu.angane arelumundo,Positive
999, Ee onam njan ingu edukkuva.... #Lalettan,Positive
1000, Eee vishu ettan aganu konduvaa ennu parayan paranju!!!!!!,Positive
1001, NOV 21 MAranamass Pwolii  FDFS Locked,Positive
1002, 1 divasam 3l kudutal tavane kanunavar arokke und,Positive
1003, 16 k view 48 k like  appo youTube veendum hang aaayalle...,Neutral
1004, Prithiraje than ee pani nirthiko enthon kopile padamado,Negative
1005, Promo kand ivide vannavar okke like adikk,Neutral
1006, Enna friendship daykku oru cake vaangichu kodukku...,Neutral
1007, Padam 1 st day kaanum athu urappu.,Positive
1008, Romanjifikation katta waiting lalletan fan dubaiiiiiii,Positive
1009, Cheriya pulli alla avan.. Padicha kallan aa.. Ufff A10..,Neutral
1010,Trailer bgm oru rakshayilla. Movie bgm kattakkayirikkum,Positive
1011, ITHU ORU ONN ONNARA ITEM AANEEE,Positive
1012, Thala Ajith Kumar viswasam  Intro,Neutral
1013,Njan ikka fan aa,Positive
1014, Ith pole films aanu tamil telungu mass movies aakunnath,Positive
1015, Traliler ishtapetta ettan fans undel ivide like..,Neutral
1016, Trailer  oru rakshem illa polich aduki,Positive
1017, Daivam oroon kond varum... Ennit pottipoliyum... Verute collection kittan vendiii advertisement🤣🤣🤣🤣🤣🤣🤣🤣🤣🤣🤣🤣🤣🤣,Negative
1018,Njan Oru lalettan fan aaanu...... Ithu Oru rakshayum illa mammoka heavy masss,Positive
1019,Vere level trailer hype koodi varunnu lalettan and rajuvettan vere level aakki thonnunu,Positive
1020, Ekkkaaaaa .... Kaathirunath veruthe aayillaaa ... Heavy item .. Ekka fans hit the button ..,Positive
1021, Oru newcomern kittavaunna etavaum nalla role....  all d bst team,Positive
1022, Ikka November 21 Ann oru puram thanne..pazhasiraja fdfs ormaverunnu..,Positive
1023, Njan mathramanoo. Ith veedum veedum kanunnath,Neutral
1024, Padam iragan eni thivasagal mathram katta waiting,Positive
1025, Ith kidukkan aakum...  Eagerly waiting... lub you ikkaa from eattan fan...,Positive
1026,Dislikes inde 100 alla 200 madangu likes adikkum ..athan lalettande power,Positive
1027, Mass itom. Mass dialogue. Lalettan polikum,Positive
1028, Lalettan Masss Lalettan ki jaiii,Positive
1029,Ee idaik irangiyathil  best trailer in Malayalam movie,Positive
1030, masss effect,Positive
1031,Njum idakk idakk like cmt nokkunnu,Neutral
1032,enik mathramaano madhuraja teaserine kattilum e trailer ishtapettathu. .,Neutral
1033, Madhura Raja yil Madhuramaya Rani sunny chechi ne kaanaan katta waiting cheyyuntavar undo..?,Neutral
1034, Njangada nattila shooting cheythe Prithviraj vere level,Positive
1035, Ei padamonnu erangikkottay athenu mumbay ningalu thallallay,Negative
1036, Last aa adi... Ammo onnim parayaanilla,Positive
1037, Trailer 50 thavanayil kooduthal kandavar ivide like,Neutral
1038, Ente entra Kali kandittullavananu nii,Neutral
1039, Looks totally hopeless....Oru Kannan thamarakulam level padam aakumnnu thonninu...,Negative
1040, dislike adichavanokkkae onnu poi potty karanjukoodae...,Negative
1041, Super waiting Ikka fans like idh Madhura Raja daaaa,Positive
1042, Vere level love you laletta... 🤩,Positive
1043, Nangade ikka polikum,Positive
1044,Ambo kiduve.. Kola mass .. Raju etta ingalu Vere level ..,Positive
1045, Police ill minimum  hight elle  Aju oke police,Negative
1046, Music chila sthalangalil alambayi ....dialogue perfection kittunnilla,Negative
1047,Hang ayo youtube? Views no updating,Neutral
1048, chettan mass.. ithu oru malayalam kgf aakumo ennu oru doubt,Positive
1049, @1:26 voice over aaraanu ariyuo? Vivek Oberoi kku dub cheythirikkunna voice??,Neutral
1050, VAADA - idu mathi ivide like kondu nerayan.. L,Neutral
1051, Angine paranju paranju  trailer nalla YouTube chanalil thank irakki 🤩🤩 athinu irikkatte or kuthirappavan,Positive
1052,Omg 5 Million sure anu,Positive
1053, Trailer kandukondirikkumbum mothhavum ottae chinthayae ullaayirunn ethil ikka illallo ethaetho poorimon undaakkiya udaayippu trailer aanaenn avaasanam ikka kandappozhaa samaadhaanamaayath,Negative
1054,Enthu kandita dislike adikune Mamooka fans. Mohanlal haters step back Lucifer is comeing,Negative
1055, ethanoo trailer kandapalla enta ammoo bhodam poyi padam moonjiyaa,Negative
1056,Adipoli ikka... Kolakolliaittam nnparanjappo ethrapradeekshichilla sooooper,Positive
1057, Ithinokke dislike adichavanmare okk adichu kollanamm ettan uyirr,Negative
1058, Rahumanaaa ne polikkadaaa... My dear class mate🥰,Positive
1059,Padam kand shesham trailer kanan vanavar undegil like adi,Neutral
1060, Sunny Chechi en Kanan matharam trailer kandavar like aadikeee.,Neutral
1061, E movie full kittaan valla vaziyum ndo...,Neutral
1062, Ittymaani trailer kalakki polichu thimirthu ee onam nammal ingedukkuvaa,Positive
1063, Laalappaa ikkayod muttaan nikkandaa.RAAJAyum pillerum strongaa TRIPPLE STRONG.Laalappan koottiyaal koodoolaa.,Negative
1064, Mammukka ithil polikm enu oru katta ettan fan,Positive
1065, Ee aduthu Kanda ettavum MIKACHA trailer ithinu dislike adichavar mandanmaarairikkam,Positive
1066, njaan ippo oru  83 thavana kandu,Positive
1067, Suraj ettan vere level...  1:01  Soubin ikka pwolikkum 0:33,Positive
1068, ഇത് ഒരു realistic movie ayirikkum annu urappullavar like,Neutral
1069, Moopar ottakka vannad... ottak thanne kond povum.... Raja,Positive
1070, Appo 21 kanum   Uff poli item,Positive
1071,TRAILER KAANAN VANNA IKKA FANS LIKE,Neutral
1072, Waiting .. Katta waiting.... Mammooka love you  Ikka istham,Positive
1073, Annan fans plz support us,Neutral
1074, 4 million aayonn nokkan vannavar like adikk,Neutral
1075,ഇജ്ജാതി BGM..  Power Full Mass Entertainer Loading......,Positive
1076, Mass movie. Madurai rajja odikko,Positive
1077, trailer kidukki look at the likes,Positive
1078, Zayed masood und enn arinj trailer kanan vannavar like cheyyuvo,Neutral
1079, Ikkaa Fans like...here... And plz watch and share...   Trailer views  record namuku pidikanam,Neutral
1080, 10M aayonnu idaykk nokkan varunnavarkku ivide like adikkam,Positive
1081, Malayala cinemayude khathi kadalinumappuram ethicha punyam ..megastar mammookka,Positive
1082, Ethenna pottan kaliyo idhano big budget cenimede dialoge,Negative
1083, Valluvanaadi ne poole aavan Oru Range venamedaa,Positive
1084, Enada Oru English comment kuda kanom,Neutral
1085, Chunk alla chunk edippanu lalettan like addicho makale,Positive
1086, Dislike adikuna olikal ellam odd kadam vazhi,Negative
1087,Naal bangalikal randu sidl ninn Mann vAaari kadaliltta teeranthe ullu ninte jappan,Neutral
1088, Romanjification....!!!! Lalettan Masssssssss...!!!! Manju chechi Vere Level !!!,Positive
1089,Ende ponnooo hvy item love you mammukka,Positive
1090, Ithoru malayala cinema k oru vazhithirivu aakatte fanisam marannu support cheyyu,Positive
1091,ikka thirichu vannu makkale <3 ini adiyude idiyude vedi pooram!!!!!,Positive
1092,Ithu kanda malayaly chunks udenkil ..........adi oru like,Neutral
1093, Jaikkanayi kacha kettiya erakkamm aann....   Kachakettiyirangia jaichee sheelamolluu.....,Neutral
1094, Adaaru item. Hooror movie feel. Haha. Jappaanee nee theernnadaaaa....  Petrol ozhichu kathikkum.  Poli Poli Poli.... 🤩🤩🤪🤪,Positive
1095, Oru marana mass chitramaavatte laleeta lucifer,Positive
1096,10M VIEW  AKKAN TRY CHEYYUNNAVAR LIKE ADI,Positive
1097, Katta lallettan fana..ennalum trailer Kollam variety ayitund.nice bgm....,Positive
1098, Telugu padathinte remake vallom aano ??,Neutral
1099, Pwoli trailer  BGM vere level  Ithokke kandal mathi ithil ninne manassilakkam box office poorakkadal akum,Positive
1100, Ini katta waiting   Lucifer releasing day   Ettante fans like adikkeda,Neutral
1101,Idhile dogs ne kaanaan mathramaayi vannavarundo,Neutral
1102, Dileepettan fans vaka best of luck,Positive
1103, malayathil ethu vare kandathil vech ettavumm bramandaa trailer  ikkaa hats off ...,Positive
1104, Lalettande Innathe level kande asooyade kuru pottiyavammarde 5.1K dislike,Negative
1105,Katta ikka fans adi makkale like,Neutral
1106, E jathi trailer pahaya nee sulaimanalla hanumana... hanuman,Neutral
1107,Mammuni fans dislike adich maduth kanumallo,Neutral
1108, massakkan  3.14 m venda 1.46 mathi love you raja,Positive
1109, Trailer veedum veedum kanunavare njn mathramoo??????,Positive
1110,Cheriya pulli alla avan padicha kalana...  Mass marana mass,Positive
1111, Aaaa mundum pookal shirtum vere arund ithra look,Positive
1112, 0:53 il prithirajije kandavar adi like,Neutral
1113, Ettanta aniyanmarude vaka all the best ... ikka oru rakshayumilla,Positive
1114, you tube ipolum hang anelo 🤔🤔🤔🤔🤔🤔 nale sheriakum,Neutral
1115, Madhura Raja vs Lucifer ...Athayath  Mammokka Vs Lalettan...Aaru Jaikum...Njan Lalettan Side!!,Neutral
1116, Kujaali Marakaar eghanaa shaheedhayad enn arrkenkhilum ariyoooooo,Neutral
1117, 5 million aya ennu nokkan vannvarundo,Neutral
1118, release date maatiyowaiting  ikka ishtam,Neutral
1119, Dislikes illathe ituvare onnum hit aayittilla,Neutral
1120, Ith polikkum kanditt oru atom bombin vakayundd,Negative
1121, Trending list le polum ella ....,Negative
1122, Madhuraraaja trailer kandu evide vannavar like🥰🥰🥰🥰,Neutral
1123, Tovino nte speech uff vere level mass,Positive
1124, ഇതിന്റെ background music kittan valla vazhiyum undo. Kidilan,Positive
1125, Trailer il thanne full story undallo! Padam kidilan aakatte🤓,Positive
1126, Kgf movie kanda pola oru feel..... Endhayalum laleta kalakki,Positive
1127,Kumbalangi nights kazhinj oru vivaravum illayrnappo vishamam thonni ..ippo ashwasamayi baby molee,Positive
1128, Pritivraj army kannan vannnavar adi like,Neutral
1129, Eeswaraa mammoty um prithviyum classmates aitano,Neutral
1130, Avan varum samharathinte avatharamaye avan varum,Neutral
1131,YouTube logic 66k likes + 6.3k dislikes = 16k views.. myr,Negative
1132,Happy big day ഇക്കാ  Love you.....,Positive
1133, Mammukka yude unda kaaanan wait cheyunnavar like adikku,Neutral
1134, Last superman punch pwolich. Ejjathi item mamookka kidukki,Positive
1135, Cinema kandittu trailer kanan vannavar adi like,Neutral
1136, Polichu trailer mass padam marana mass aarikkum urapp,Positive
1137,1:42 to 1:45 oru lalettan look,Neutral
1138, Aare parayipikkaan aanaavo unlike cheyunne for the unlikes inte vaayeku adi makkale like.....,Negative
1139,തലൈവാ ...🤩🤩  #Raja.. maduraraja..  20 Mins To Go !!! 🤩  ```Get Ready Megastar Fans```,Positive
1140, Pwliii...mass ith pwlikkum raja ennum raja thaaan..,Positive
1141, CHANDU vine orma vannavar ivde common,Neutral
1142, Bgm + ettan + dialogues + fight  = romanijification,Positive
1143, Ithu oru poli polikum മാസ്സ് item,Positive
1144,Ejjathi Padam Innanu Kandathu Lalettan Inglu vere level Anu Ee Age lum Ithrem Meyvazhakkam,Positive
1145, 100 kodi clubil kayariyathinu shesham arokke vannu,Positive
1146, vishuvinu     padakkam kittathe  iriikayirunnu... ikkayudepadakkam vannappo santhoshaaayi,Negative
1147,13k dislike kodutha yethu mire** adaaa,Positive
1148, 2:18 to 2:20 mala kittan avane kondu nalla koozha chakka theetichal mathi. IDI movie,Neutral
1149,Madhuraraja pottum ennu orappula ettan fans ivide like adikee,Neutral
1150, Mammukka ishttam  padam pwlikkane .....!!!! Bzlee nammude mammukka pwlichu daa,Positive
1151, Ohoo mamooka powlikum ee jati tralier making kiduwee,Positive
1152, dislike adicha premukhan markku nanni . asooya,Negative
1153, Alinje polinja trailer.. odiyan aakumo ?? 🤓🤓,Negative
1154, Chechi kaanaan Vendi maatram keriyavar... Lyk adichit pokaan marakkalle.... Chechi ishtam,Positive
1155, Evide Lucifer  nte trailer rocord nte aduthu polum kandilla,Neutral
1156, Oru njettalum illa romanjavum illa ayye,Negative
1157, Onnum parayanilla mammukkakkum ee teaminte ellavarkkum All the best,Positive
1158, laletta oru raksha illaa all over super annu.. thanks to prithvi,Positive
1159, ennum eppozhum...... ikka ore pole..... double strong,Positive
1160,Aiyee.. Trailer satyam paranjal Valya rasamonun illa and I'm a lal fan,Negative
1161, Eganegilum 12 aam thiyathi aaya mathiyaayirunnu katta waiting,Positive
1162, Ee padam kanditt avante Peru enda Enn manasilayittilla,Neutral
1163, Ith  arabikkadalinte simhamalla Hippo Pottamaas.Kunjali marakkare Baahubali dressokke itt priyadarshan abhamanikkunnu.Cashing vendi charithrathe Valachodikkunnu.,Negative
1164, 10 nil kooduthal trailer kandhavar like adi,Neutral
1165, Vere level ..  cinema aakum. Ithu,Positive
1166, Ikka & ettan ipozum ettavum aniyanum ayita nn kanunne.. luciferum kidukki.. Ithum athupole polichadukkatte.. All th best ikka 🤗,Positive
1167, Perunnalinu biriyaniyum selfiyu palliyil pokkum unda trailarum aaha andhass,Positive
1168,Lokha cinimayude thara rajavu nammude lalettan...,Positive
1169, Face of Indian cinema ikka,Neutral
1170, Ethavana Oscar kittane Dyvame.... Mammookka... Athu kittum athinu time ayi,Positive
1171,Election time l kanan pattya film,Positive
1172,Mamangam film’il Mammootty’de character name enthannu ariyamo makkale ???  It’s Kunjali Marakar.,Neutral
1173, X mas en oru pooram aha,Positive
1174, Unda ennu peru ketapole kaliyakiyanmarodu onne parayanullu...ee padam pwolikum,Positive
1175, Kidivey ennu parayunnilla athilum valuthIkka prathekshakalkkappuram,Positive
1176, Police ne kuttam parayuna,Negative
1177,Oru doubt 11k views like 110k ?,Neutral
1178, Su sugunan su gu sugu su gu suu bug una,Neutral
1179, entta ponno vara level  katta waiting,Positive
1180, Maduraraja 4hrs 96likes & 9k comments....Lucifer 2hrs 189likes & 12k comments...ettanodum pillerodum muttan varrale...mohanlalwood,Negative
1181, Polichu,Positive
1182,Padam Hit aakum ennu urapullavar Adi,Neutral
1183,lucifer edited video kaanaan ente channel nokku,Neutral
1184, Puram thudangan eni minutugal mathram bhakki,Positive
1185, Rajuvetta ningal mass annu.  Ammoo enna oru feel.  Laletta,Positive
1186, Ith oru onnonnara film aanennu ente manass parayunnu,Positive
1187, adiyum bahalavumillathe swasthamayi kandirikkan pattunna oru nalla cinema,Positive
1188,nammal  triple strong alla    athukkum mele  lalettan da  ......................... <3<3<3<3,Positive
1189, Trailer kannunathinu munne dislike adicha mahanmark adaranjalikal....ivrk matram engana pattunoo ijathi kuru pottikal....kashtam...,Negative
1190, Theatoril climax maathram kaanichal mathiyallo eny... any ways good trailor,Positive
1191, 16 nilayil pottum.. serial pole undu trailer.. valla kizhangum parilkkaan poda kovala ...,Negative
1192, Camera chaithirikkunnathu nalla pakka pakka... Nalla dop.... Orupadishtay,Positive
1193, Muvattupuzha KL 17 machan maru Like,Neutral
1194,Tamil and Telugu padam pole aayalo... Don't kill malayalam movies reality,Negative
1195, All the best laletta ithrem naalum kaliyiakiya naavu kondu parayuva all the BEST,Positive
1196, Pearu nooki aaneallom ippol commentum idunna ...Ella idathu matham aakiyo?,Neutral
1197,Mammukkaa,Positive
1198, Pulimurugan fight feel cheythath enik mathram aaano,Neutral
1199, Katta waiting for mahuraja entry Like adikku makkalaee,Neutral
1200,sorry padam maari poyii ithu etho hollywood padam,Neutral
1201,Lalettan nu pakaram vekkaanaarumillaaa,Positive
1202,Ethil vann dislike adikkunna makalkku epo thane kuru potti thudangiyalo,Negative
1203,Ith pokkiri rajayude appanayitt varum enn thonnunnavar ivide like adi,Neutral
1204, @1:13- aa car’nu vare oru charivu kando...  ethu pakka lalettan padamane...,Positive
1205, Ijathi item  kandittey povu 🤘🤘,Positive
1206, Dislike adikan mtram Kure per nokiyiriunna polund,Negative
1207, Trailer kanditu mammooka veendum karayipikum ennu thonunu,Positive
1208,Lattettan $ mammoka ishtamullavar like cheyyu,Neutral
1209, Njan Lalettan fan aaanu. Athukondu thanne parayua. Comment adichu Nammal odiyan aaakinmattanda. Padam kudu aaavum. Coz this is mohanlal,Positive
1210, Mohanlal. THE GREATEST OF ALL GREATES.,Positive
1211, 50 il Kooduthal Kandavarkku Like adikkam,Neutral
1212, Telugu,Neutral
1213, Oru poli polikum 21n ......pooram kanan chry abhinaya ......ang por,Positive
1214, Dislike koranjallo...athum njgal mammooka fansinte auto disliker aanennu para..,Neutral
1215, 0:48 nammude Pubg SLR nu vendi oru like ADI🤗🤗,Neutral
1216, That “വാടാ “ vili   ettan,Neutral
1217, Oooohhhh oru rakshayum illaaaa... Pwolii poppwoliiii  Ingalaan thaaram,Positive
1218, YouTube hang aaayi 71k Like 16k Views,Neutral
1219, Karyangalkoru theerumanam aya sthithik cash kalayunnilla.. Odiyan,Neutral
1220, Sunny chachi ne kaanan trailer kandavar like adi,Neutral
1221, MEGASTAR  fans oru like adi,Neutral
1222, Pwolii trailer action okke pakka...  Ikka fans🤩,Positive
1223, Live nalathupoleee umbichuuu koray net kalanjuuui,Negative
1224, Trailer polichu.... Ee trailerilum valutaanu cinema urappu.... Kaanum ennu urappullavar like cheyyu....,Neutral
1225, Arum angna kuttam parayatha oru trailer Nice #MAMMOOTTY !,Positive
1226, Nammda akshay daavin oru like adi,Neutral
1227, Pworich kurach kalangalaayi ijjathi padem Tamil mathram aannu kandirunnath .eni malayalathilum kannaan ulla bhagyem Ind .Poli Poli poli,Positive
1228, ennum ravile trailer kaanan vendi ezhunelkkunnavr ivde,Neutral
1229, 6.8M kazhinjal record views aanttaaa,Neutral
1230, Lucifer lucifer lucifer a10 a10 a10,Neutral
1231,Padam polikkum. Ikka marana mass,Positive
1232,Oru rakshayum illa....ithokke kanumpol aanu mattu chilath okke eduth kinattil idan thonnunnath.....,Positive
1233, Ithokke kandit engane dislike adikan thonnunadeeyy,Negative
1234, MadhuraRaja blockbuster aagan Madhurey hero Vijay Fans ente Aashamsakal....,Positive
1235, Lalettanoppam nilkkunna mattoru kadapathram athe indhrajithinteth ayirikkum.,Neutral
1236,Njan veendum kanan vannu 100 pravashyam enkilum kandittundavum,Positive
1237, Mamangam keralam kanda ettavum valliya hit akkum,Positive
1238, 0:29 Vendaayirunnu,Negative
1239, Ithu Simple  AICP anu CPIM(hero) DVP anu BJP(Villain)  Tovino varum DVP Kare urutti kollum   Climax AICP election  jayikkum.....,Neutral
1240, 28 k guhanloussssss ooyi bere vallla pani nokkdaa nayakkkkaley,Positive
1241, Dislike adichavarode enik parayanullathe ikka uryir,Negative
1242, Polichu machane Lucifer ellarum kananam .,Positive
1243, ഇത് #Mega star ന്റെ #mega mamangam#,Positive
1244, ithu pwolikkum... sudaani from nigeria movie eavdokyo manasil oodi vannu...!!!,Positive
1245, Trending ayy..ini viwesum likesum Anu vendath,Positive
1246,Lalettan Vere level Plus Rajuvettan Direction  And Tovino Mass,Positive
1247, Ithu korre pullimurugan koppi adichathanalo swalpam ullupu undo  Ennalum njn Kannan pokkum Karanam ente RS 100 kedakkate padathinu,Negative
1248,Durantham poojapura jimittolikal dislike aayi irangeetund..haha,Negative
1249, Mamangam keralathinte maathram charithramayi nilanilkenda onnalla.. ee dheerathayude kadha lokham muzhuvanum a ariyanam,Positive
1250, Mass pakka mass lalettaaa #poli,Positive
1251, Theriyumile,Neutral
1252, Egane ulla movie kal kaanan aanu ellavarum waite cheyunath,Positive
1253, Unni mukundante courier maatan povunna movie aarikum mamankam,Positive
1254, Ith polathe oombiya trailer njan kandittilla patti okki surajinte appante soubinte pooru,Negative
1255, Anna Ben Performance Vera Level,Positive
1256, Yaa mone Holywood getup kaathirunnath verthe aayillah bgm marana maass,Positive
1257, Thrissur slang paliyenn thonnunnath enikk mathramano?,Negative
1258,Mammookka ithelum mass aayi big b il varunnund ith verum sample,Positive
1259, Wawu..variety ayitt ind.. oru korean movie level..,Positive
1260, 1:01 raju ettan as zyed masood,Neutral
1261, 27k dislike adichaaa teamsne polikkunnaver evide like adicheee......!  LAL EttaN         Vaaadaaa.........!!!!!,Neutral
1262, lalettante lucifer tailor ishtayavar ivide like adiìiiiiiiiiiiii,Neutral
1263, Ente ponnoooooooooooo nammude sontham ichaka mamoookkaaaa ummma cinima kanan kothiyakunnu,Positive
1264, 100 o 200 crore club il keeriyillelum padam super aayal mathi naangalkk Love you Ikka  Love you Laletta,Positive
1265, ഈ കഴുവേർട മോനെ ഇനീം support cheyyan paadilla...,Negative
1266, Triple pilleru dislike adichu marichittum onnum elkkanillallo,Positive
1267, 6000 suscribe ulladhil itt 22k suscribe414kview 91k like aaaakiyya ikka mass,Neutral
1268, Eniyoru veeragaadha rechikendiyirikunnu ethinu pakrem vekan kazhiyumo mattonninu nadakan ullathu charithram nadakkendathum charitham snehikunavarku aathambimanem,Neutral
1269,ithu kandu romanjam vannu marikkan poyath eniku mathram ano?,Neutral
1270,Powlich laletta nigal  mass alla maranamassannnnn,Positive
1271,Bgm polichu onnum parayan ella,Positive
1272, Enii adeyude ideyude veddi purraaam........apppo pakalla 12 theatrl.....uff,Positive
1273, Ntey mashey...... Sammadikoollalley ikka fan akann......,Positive
1274, @ 0:26 - Kamal Hassan. 🧐🧐🧐,Neutral
1275, Abhinayathinde manarisam thiricharinja mahanadana vaibhsvam mohanlal enna MALAYALIYUDE oru sokharya sambhavamanu ennum eppozhum All friends congratulation,Positive
1276, Sorry Trailer  veendum veendum kandukondirikunnathkaranam Comments\r  vazhikkan pattiyittilla Mammookka polikkum,Positive
1277, Ippazhum ith kanunavar ivde like adi,Neutral
1278, Raajayum pillerum triple strong ennu teaseril. Prithvirajinte oru cameo manakkunnu.,Positive
1279, Haha..1.35 il raajuvettane kandavar ivide like adichee,Neutral
1280, Ethinokke dislike adikkunnavar aan malayala cinimayuday shapam 🤦‍,Negative
1281, katttttttttta wtng aadhyamaaayi dileepinte flm wtng aaanu njn.,Positive
1282, Ithano trailer oru dialogue polum illa ekkaude. Ullath kurach perum oru vettum,Negative
1283, Oru rakshayum ila mass kola massss #Ettan,Positive
1284,KFC nte freezer yil Helen pett povnnathaan kadha,Neutral
1285, Kuttan pillayude sivarathri ormavannar LIKE Adi,Neutral
1286, Oru kannu adachu pidichittu aduth vechonnu kandunokkike,Neutral
1287, Happy b day ikkaaaaurangathe ethinayi waiting arnu,Positive
1288, Surajettan &  soubinkka   powli combo,Positive
1289,Lalettan poli etra Kali kandath odakathe EE kalikudi veno,Neutral
1290, L'  nu shesham pradhiksha koodathe erikkumo 'L' alettaaa...,Positive
1291, Entamme kidu.... entha ingerde style... aarum kannuvekkathirikkaan oru vazhipadu nerneru,Positive
1292, Aentae ponnoo ithu vaerae level thannae laletta umahhh,Positive
1293,ഒരു 1 million like Kodukku mammuka ഫാൻസ് റെഡിയല്ലേ,Neutral
1294, Ithrem dislike adichavar malayalikal aagan vazhiyilla,Negative
1295,Pazaya nadanmmar kure per undallo,Neutral
1296, OOO    Odiyan ????,Neutral
1297,Mammmookka no words.katta support to GANAGANDHARVAN . Kalasadhan ullasinu janmadhinashamsakal. Pinne pisharody,Positive
1298, Suraaj ettan last dialogue very funny,Positive
1299, ee video onnu kandu support chaiuka,Positive
1300, Yenikki e movie teammil ulla yethengilum aalide phone number venam,Neutral
1301, Ee padam first day kanan pokunnavar like cheyyuka,Neutral
1302, 3.1K dislikes.... unbelievable.. Ee trailer okke ishtappedathavar poojappura fansil undenn orkkumbol kashtamm thonunnu,Positive
1303,Romanjification  level !!   Uff  Lalettan & Prithvi !  Mass,Positive
1304,Ippolm repeat adich kanunnavar ivde like,Neutral
1305, Kerala puthya keralam ayrkum but bilal pazya bilal tahneee... ikka,Neutral
1306, [ L ]      ABRAHAM QURESHI,Neutral
1307, I am a mammootty fan...but ithu kand ende romam eznettu ninnu...superr lalatta and rajuettan,Positive
1308, Ith kollaaaam....kanda ooodayp trailer ne kalum ok far better...hiy avanee daiwamee...thall kuranj,Neutral
1309, trailer kandu full comedy aanannu manasilakkivar evde come on,Positive
1310,Kidilam trailer   from a edikatta Mammokka fan,Positive
1311, Ikkakk..valla  mass padavum cheythude....ithorumaathiri senti...cop,Negative
1312, Aa thodakathile august cinemas eenu title card varumbol olla bgm Pwoli,Positive
1313,Sheriyaa.. Siddique Lalettante othiri kali neritt kandittullathalle.. 🤭🤭🤭,Neutral
1314, 118k like ithentha ingane?  Korachu mumbu 180k undarnnallo !!,Neutral
1315, Ivde like adichavar avde poy dislike ADI.. avde like adichavar ivde vannum dislike adikku.. sangathy onnu kozhukkatte..,Neutral
1316, Mass uff no reksha ingale powliyaane lalettaaaaaa lb u,Positive
1317,Ettan kootiya koodoola adurappa end diloga id chirichu chavum,Negative
1318, 29K Dislike adichavar Padam kandu kaanum lo... Oro Dhurendhangal...,Negative
1319, Padam vere level akum enn urappullavar ivde common,Positive
1320, Super hit aaavatte ....  Frm a lalettan fan,Positive
1321, Mammootty nalla cinemakal vittu pinnem mass floppukalilekku pokanallo! Mayiru....,Negative
1322, Ikka ingalu polichu vere level,Positive
1323,Chetta Aa Theppupetti adi movieill illello,Neutral
1324, Asooya paadilla. Abrahaminte Santhathikale ivde kandillallo?  Thallu aanenkilum ithupolonnu ethikk. Ennit ivde vaa :,Negative
1325, Ikka mwuthe happy birthday   lub u,Positive
1326, Edk edk etraa likes ayi enn nokaan verunavar ivide like cheyyu,Neutral
1327, Havy Trailer enikkoru 10 like  Tharp,Positive
1328, Lucifer 100 cr collection adikkumegil adi like,Neutral
1329, Haavu samadaanamaayi  Editor mahesh narayanan,Neutral
1330, Nte ammo oru rakshayum illa pwoli,Positive
1331, Dislike adicha sundari sundaranmarude nallathinayi namuk prarthikam,Negative
1332, A10 nte mass kanan vannavar Addik oru   like,Neutral
1333, Enta ponno ikka kalakum van trailer,Positive
1334, Ekka polichu monaa  megastar kiii jaiiii,Positive
1335, story writer sajeve pilla yude name  ethilonnum evideyum kaanunillallo..,Neutral
1336, suspense vende enallale Oru gumm ullu enna aa dilaog um aayi Oru sadrishyam,Neutral
1337,Idhile aa kochu midukkane  aarum kaanadhe poovarudh,Neutral
1338, All best mammokka  Team mamangam  Mammokka fans like 🤘,Positive
1339, Veendum veendum kanunnavar like adii makkalae,Neutral
1340, Uae yil ennu varum. ? Can't wait,Neutral
1341,Oru rakshayilla pwoli Ikka n Ikkade dialogue vere level,Positive
1342,Mammukkaa  aa shabdam Kelkan matram njan ee trailer 10+ times kandu.,Positive
1343, Ufff  ejjathi nte ponn ikka. MAMMOOKKA UYIR,Positive
1344, Ithinekalum valya pulli ini indavumo nammude lalettan allathe. ....!,Positive
1345, Adaaar item   Lalettan and Prithuvi.,Positive
1346, Njan ippol tanne 15 tavane kandu kazinju kanditttu kandittum madukunilla,Positive
1347,Guys unlike cheyyunavar Mr.Pandit fans aanue..deshyam pidichit karyamilla..,Negative
1348, 0:54,Neutral
1349,Kodukke makkalllee ikkakkee oru like,Neutral
1350,Oru kidillan thriller movie ennu urappichu...  katta waiting Kalkki,Positive
1351, Babynet  oppam Shane nigam venaayirunnu Enna ithinakaal adipoliyaayirikum Shanente fans adi like,Neutral
1352, Memories inu shesham nalloru triller pratheeshikkunnu,Positive
1353,Kunhanthante Kada athe pole aaavoooo,Neutral
1354, ayyoo mohanlal sangiallleeeee... poyi chawada kalla cummi a,Negative
1355, vyshak sir trailer search cheythitt kittunilla innala kittiyirinu,Neutral
1356, Inghakk prayam 68ann ??? Prayam verum akangall enn thelikunna nadana vismayam,Neutral
1357, Ith  5 million aaavunn ullappullavar adi ivide like,Neutral
1358, Lalettante margamkali traileril kanan wait cheyyunnavar undo?,Neutral
1359, Ivide Palakkad Jayettan Fans club nnu ashamsakal!!! Adichal romam ennikum athaanu Thrissur pooram,Positive
1360, Trailer marana Mass...Lalettante heavy role. # Raju ettan Poli anu.# pooram eni Big screenil# political Thriller#,Positive
1361, Owf Poli......angane oru paad naal kazhinj oru Nalla cinima kanaan povnu,Positive
1362, Poster kanditt feel good anenn karuthi kanathe vitu,Positive
1363, Lalettan  fan Aya entea Ella ashamasakalum,Neutral
1364, Dislike adichavanmare aarada....filmine kurichu valla bodham undo ninakokke....aadhyam poye pashunte chanakam kazhikki oru bodham varum,Neutral
1365, Triple strong kkaaar okke evideyanavo?entho?oru vivarom illa?,Neutral
1366, Spadikam thott ullata ee amma makan combo,Positive
1367, Unniyettan Polichuu.Unni Mukundan Fans Like Here,Positive
1368,Ambooo pwoli oru rekshem illa lalettaaa poliiii,Positive
1369, Ouru Lúcifer erangi athe polle thanne enni kore padomm erakuum myrreeee,Negative
1370, Ithoru nalla trailer aanenn aarum parayum ennitum dislike sammathikkanam... Mass +class,Positive
1371, Ravile eneet trailer kanan vannavar ndo....,Neutral
1372, Pulimurukan orma vannu ithu bb aakum sure,Positive
1373, 81 k views 141 k like🤔🤔🤔,Neutral
1374, Realistic thanne porallo namukk Edakk mass varatte  Tovi,Neutral
1375,Sajeev pilla enna sadaranakarane aarum marakaruthu...chaverinte cinema cheyyumbol chaverayi poya oru manushyan.,Negative
1376, Prithvirajnte movie alle...Appol aa oru standard prathikeshikam.... Trailer kalakki,Positive
1377, 3 million   ettanum pillerum,Neutral
1378, Unlike adicha mammunni fansinu irikkatte oru kuthirapavan,Negative
1379, Sudappikal kuttathode vannu thalli thalli thurimezhugunundallloooo,Negative
1380, ethra like & view aayi ennu nokkan vannvarkk like aanulla stalam..,Neutral
1381,Eethe tendikalada....  Dislike adikyan varunne.,Negative
1382, Ajuvine kandale ariyam on negative role anenn pinne lift kanikkunond aval mikkavarum liftil kanum..,Neutral
1383,Padam flop aakumbo ee comment like cheyyaneaa.....  ith ivide kidakattea..,Neutral
1384, Ine lucifar  loosaavum  illenkil raaja loosakkum ntammo kidu mammookka,Positive
1385, Arjun Reddy trailer bgm ayitu samyam undoo🤔🤔🤔🤔🤔,Neutral
1386, Adutha flop,Negative
1387, sunny akante song ennu Youtubeil varunno annu rajaku alukerunathu nikum,Neutral
1388, Ethu kochunni model aanooo...ankil lalettan polikum....,Neutral
1389, Mammukkante introkku വേണ്ടി wait cheidhavar like adiii,Neutral
1390, Dislike adich kali makkale.....  Athre ninneyekkekond pattu....,Negative
1391, Raj yeta thagarthuve movie super dooper hit adichi polikam even in tamil nadu ithu nambalda movie ah hit akam,Positive
1392, Nte ponno oru raksha Illa Ennaaa Trailer,Positive
1393,Vere level trailer and bgm  ikka look powlii,Positive
1394, Mammookka fans like adi. Love u ikka,Positive
1395, Dileepine polullavare thangi nadakkunnavarude padam kanathirikkuka.. Preshakarkku pullinte vila polum evar nalkunnilla..,Negative
1396,Avasanathe idi veendum veendum kandavar ethra und,Positive
1397, Poli annu kidu annu mass annu pine,Positive
1398, 2010 annum 2019 eenu raja super   aanu,Positive
1399, Video erangunathinu munbe dislike adichavanmar nannayi varanne ente luciferree,Negative
1400, Ethu njan etho English cinemayil kanditundu.... Peru ormayilla.,Neutral
1401, Poli tovi Chetta oru rakshayum illa marana mass,Positive
1402, Thirunavayile arenkilum undo  Trailer like cheyan marakanda,Neutral
1403, Eth nammuk ikka fansinu oru pwoli pwolikkanam....,Positive
1404,1:38 ee scene kaanaan vendi trailer kaanunnath aarokke ??,Neutral
1405, Ithu tamil oke kand kazhinna scene anallo bhai..,Neutral
1406, I HOPE THIS WILL BE THE BEST THRILLER FILM SUPERB TRAILER  ORU rakshayumilla.... Kidukaachi kidiloski item....  #Katta waiting for #Lucifer,Positive
1407,Oru Anya Basha  tharathekoodi role kodukkamayirunnu,Negative
1408, aaahaaaa negative comment aayi kure pannikal vannallllloooo,Negative
1409,Paringgiyude munbhil thalakumbit nikkaan kunnjaalik patulla....appo aara muttu madakkiywth(rss) thannje...cherupp nakkikal...  Kaanada punnjara makkale...musalmaante chankoottam....,Negative
1410, Charitra cinima lalettan cheythal athu munnottu pokilla. In flopped,Negative
1411,Kazhinja 3varshathinidayil lalettante nalloru trailer,Positive
1412, Ikka enna glamara Ee glamar nilakuvanum Venunullavaer  Ivide like potticho,Neutral
1413, Ithu fan made aano pakshe lalettanunee veesham cheerillannu parayunnavar  ithu lalettanee cheeru,Neutral
1414, Aa chekkan polikan ulla ella chance um kanunnund,Positive
1415, Dislike adikkunnavar trailer kaanathe dislike adikkan mathram vannavar..,Negative
1416, Njn epo 100 vattam kandu ningalo?,Positive
1417, ufff ikka ethe polikkum. Katta waiting,Positive
1418, lallettta mass kola mass still waiting,Positive
1419, Nannayi onnu poliyunna lakshnm unde...Thrill maintain cheyan ayillenkil,Negative
1420, channel aaanu ishtapettal subscribe cheyyumo plz,Neutral
1421, Keralathinteyom madhurayodeyom Raja nammode swantham ikka,Positive
1422,Polichu mass alla marana massssss  ikkaaaaaaaaa,Positive
1423, Madhuraraja trailer Kand ivide vannanvar likkeee,Neutral
1424, Lalettan polichu kidilam I am waiting  all lalettan fans,Positive
1425,Lucifer oppam pidichunilkanulla ella adavumaayittannu varavu kaathirunnu kaanam adiyude vediyude podipooram,Positive
1426, Padam kandu... Mammokka guest aanenkilum puthya piller pwolich ... Pina action fighting stunts okke vera level eenu,Positive
1427, Entammo..... Kidu item. Oru rakshem illa.,Positive
1428, heavy mass,Positive
1429, Vineeth ettan produce cheyyunna   film vere enth nokana,Positive
1430, LAST DRUM SET KOND KIDU AKKI,Positive
1431, Jayettanu eduthal pongayha role aan...next idi,Positive
1432, Mass trailer... Lalettaaaaa oru rakshayumilla. Pwolichu... Lalettan muthaanu... Prithvi sarikum njettichu. Lalettan+prithvi=Lucifer(blockbuster )... Lalettan ishtam,Positive
1433,Dileep + siddiq + anu sitara..,Neutral
1434, Nalla kidilan trailer. nalla oru family entertainer aanenu thonnunu,Positive
1435, Evante illuminati theernilleyy deivangaleeyy sukumaran saruu kanandaa...thinnu kalayum nine..,Negative
1436, Oru KGF manakunundo...   Alla KGF ne thakarkkunna oru Mass item manakunund...,Positive
1437,Raja recode  break chyum oorapulvar like adi,Neutral
1438, Laaleta...manjuchechi...super hit anutto ee fillm ...I like..odiyan...,Positive
1439, Pakka poli Nigal entha manasilakiknath keraliyar k buthiyillalae thani thedrit pakka fillm Thani poli film,Positive
1440, mmale naattil degradarsinu oru kaalathhum kammi undaakilla...athaan nammala naadinte main shaapam,Negative
1441, Nalle Bengali sidill ninee valichaa tiranuluu ninda Japan 🤣,Neutral
1442, Laleetanu ikka fansite  Best of luck,Positive
1443, Pwolichu Bgm Vere Level Ikka Waiting,Positive
1444, Njan youtubil new ana enn onnu support cheyumo pls,Neutral
1445,Ente ponno  no raksha,Positive
1446, Linto kurian fans  jayasurya nte career le super trailer,Positive
1447, Mass....  kola masssss Tovino polichadukiiiii Tovino uyirr annuu.....,Positive
1448, Dislike adikkunna aalukal nthayalum nalla thanthakk pirannavaralla...angane ulla shikandikalkk ente naduviral pranamam,Negative
1449,Laletta Raju Etta all the best,Positive
1450, ooro secondum mmakkayude entrik vendi waiting aayirunnu,Positive
1451,Nasik doll tiltle bgm aane highlight,Neutral
1452, Lalettaaaaaaaaaaaaaaaa oru rakshayumilla superb ettaaaaa love you lot,Positive
1453, Katta Murali gopi fanzz adikada like,Neutral
1454, Muriv etta simhathinde shwasam garjanethakal bhayangaram ayirunu. Ijjathi comeback. Kanji chodichavark biriyani koduthu prithvi and ettan.   /\,Positive
1455, Avasanam Romante oru Superman punch,Positive
1456, aa penchochinte oru dialogue polum ellallo aashane??,Neutral
1457, Chennai rohini theataril aareke undagum  fast day,Neutral
1458, Katta waiting 28  FDFS  SON OF DEVIL,Positive
1459, Veree leval mommukkaaaaa marana maaaas,Positive
1460, Enta ethra kalikandittullatha ne? E ODUKKATHEkali vendaarunnu laletta,Negative
1461, ade maireada dislike adichirikkunde plastic fans ayirikkum,Negative
1462, Today is my birthday.. Enik oru 10 like tharavo..,Neutral
1463,720p Only ???? Oru 4K Trailer irakkamarunnu :(,Neutral
1464, Ee cinima kannan athin oru name mathii .........S......... sunny,Positive
1465, Padam kanditt veendum trailer kaanan vannavar aarengilum undo enne pole,Positive
1466, Kolakolli Item Ikka war mode on,Positive
1467, padam vere level aanu  big B ye kaalum mass aanu,Positive
1468,Ivedathe like oke evidepoyii 180k oke kandathalooo,Neutral
1469,Padicha kallana..   laletttaaaa ingalu muthanu.....,Positive
1470, Mammukka kalakam super trailer rajaiuda team double strong alla trouble strong annu,Positive
1471,Ente ponnikka...ningalu Oru rekshayum illa.... polichadukki... idikkatta waiting...,Positive
1472, Jeyettan massa  kola mass  ennelum onnu kananm nnud,Positive
1473, Mamangam ikka ithre vendu katta waiting,Positive
1474, Ente ponnikka ingal enna monj aane,Positive
1475, Dialogue pora msmmookka paranjaal onnoode ushaaraayene,Negative
1476, Immanuvel pokan pokunna item kikidu hbd mammokka,Positive
1477, Maamangam trailer kanditt vannavar like adi,Neutral
1478,Kanditt Amala Paul Aadai tamil mattoru version aanu ennu thonnunu,Neutral
1479, Katta waiting..... Maamokkaaaa.... Lalettan fanaanellumm..... Mammokkayeyum ishtaaaannnuuu..... Luv u mammookkaa,Positive
1480, Aaa motta thalayanta aduth nikkunnath Rajuettan alla🤔,Neutral
1481, Hvy bgm.... Hvy trailer....... Hvy massssssssss...... Ikkaaaaaaaaaa polikkumm.... Romanjam kond irikan vayya.... Ikka inga polikkum,Positive
1482, 10 M aakum ennu orappollavar adi like,Neutral
1483, Nanmayum nanmayum thammilalla yudhamThinmayum thinmayum thammilaa yudham,Neutral
1484, Appol Ee onAm thinne Ittivhenday Vaka oru Sample Vedikettu Undakumm   LALETTAN UYYIR,Positive
1485, Eppola video song erangunnathu katta waitingaanu,Neutral
1486, Onam lalettan eduthu ennu parayan paranju,Positive
1487, Maduraraja trailer erangiyapo  veendum kaanan  vannavar undel evide likiko,Neutral
1488, Adichu polikeda aa like button   #Lalbakthan,Neutral
1489, 2:09 godha film tune polle und ennu thonnunavar like,Neutral
1490,1:34 Raju ettan allei back ill nilkunathee....?,Neutral
1491, Endhinaa makkale kooduthal aa varavoru varavaraaan mmle swandham ikka,Positive
1492,Kandittum kandittum  mathiyavunnilla  uff ijjathi item  #mamangam #mammookka,Positive
1493, Natmmooo. Oru raksemm teaser ulla problems oke ozhivaki,Positive
1494, Illa kaaryam mugath nokki parayum... nammakaarum bakshanam kond vannu  eetil ethikanonnula... praayamaaya veetil irikanam allathe pattatha valli thoogaruth..,Negative
1495, ee pulli great father inte grand father aaayi varum....kolakolli item,Positive
1496,12:00 pidich ninn eni sugayitt kidann uranga  eni release n vendi iam waiting,Positive
1497, Kalathu ezhunnettu ee trailer kanumbol oru unmesham kittunnudu,Positive
1498, Ellaavarum ente channel onnu nokamo ishtamayenkil subscribe cheyyamo suraj ettan soubin kidu,Positive
1499, Njan oru katta eettan fan aayirunnu pazhassiraja kandadode oru ikkaa fan aayi Abraham polich  Ikkaaa polich Ikka bakthan,Positive
1500, Ntemmo... Romam eneett ninn dance kalikkunn.. Rajaaaa return,Positive
1501, Rajuettan and ikka fans  like adi,Neutral
1502, Malayala cinema odiyanu munnil adiyaravu cheyyunna divasathin vendiyulla kaathiripp,Positive
1503, 100cr club kerum ennu parayunnavar like adikk,Neutral
1504,0:53 daivathe konn daivathinte swandam nadayi...,Neutral
1505, Trailor kandu kazhinjavar ini e Kerala cafe channeliloot varika,Neutral
1506,Adutha oru vedimarunnu ready ayitundu...eppo pottikanam ennu paranja mathi....lalunni fans and pottan  fans undo evide?,Negative
1507, Ikka vere level ttaaaaaa.. All the best... Ithu thakarkum,Positive
1508, Mammookka  love you ikkayanu loka ithihasa nayakan kolakomban...,Positive
1509, Ijjadi mass sadanam ഇക്ക നിങ്ങ poliyaan inippo kurupottichond കൊറേ mairanmar വരും,Negative
1510, Makkale idh verum sample kali kanenamengil Nov 21 nu va,Neutral
1511, kashtepettu kura dislike..nganatha ora teams.... dislike adikana fansinte padam nala padamanena paranjitole...nganatha ora matavanmaree...kashtammm,Neutral
1512, hey w8 cheyyunnavar onn like adikk,Neutral
1513, Verum mass alla kola mass raja daa,Positive
1514, Ithu hit..!!! Super hit...!!! Prithvi Raj,Positive
1515, 10M adikkum ennullavar aadhyam like onn adiche,Neutral
1516, Lalettane prathheeshich ithuvazhi vannavar like,Neutral
1517, Siddique sir,Neutral
1518, ee  vishu lucifer  angu eduthu ennn paranjekkan paranju,Positive
1519, Ipo tanne 5 vattam kandu vallatoru trailer,Positive
1520, Oru mohanlal fan aaya njan   katta wait cheithu irikuna mamooty de filim...,Positive
1521, Mammukka,Positive
1522, Keep watching trending list 1il akkanam,Neutral
1523,Ella new gen nadan maarum ananju...eth saubin ugam 🥰,Positive
1524,Unda ude teaser kandit vannavar like adich  hajar avendathanu,Neutral
1525, Mammunny avide 5million kond erikkuva,Neutral
1526,Ooo mire. Njn vicharich teaser Poole uumbiyath aayirikkum nn. Id verre level kolakolli itemm..,Negative
1527, Oru rakshayum illa trailer pwolichi  padam maximum theatril thanne poi kanaan nokkum Mohanlal fan,Positive
1528, Kalippe....   by katta lalettan fan,Positive
1529, Nannayi varatte . Manassil niranja Ashamsakal,Positive
1530,Raavile views ethrayayi ennu nokan vannavar evide come on.,Positive
1531,Dislike adikan vanna haters ithe ningak patiya area alla ninteyoke rayaye kandam vazhi oodicha trailer aaan @£ucifer#loading,Negative
1532, Ikaa!!  Velya promotiononum nilkathey abhinayikunna padankal hitakunna maanthrikan !!,Positive
1533, Lalettan  double  role  avan  sathyathayundu,Neutral
1534, Ikkayude mamakam malayalathinte abhimanam  Ettan faninte support,Positive
1535, Lalettan kidu maazz .... .... Super.......,Positive
1536, Ethe enthu vaa dae ethe? athinu kai addikaan kore fans oolagalum.,Negative
1537, CHEKUTHANMARUDE RAJAVU LUCIFER @lalettan @rajuvettan #romanchification,Neutral
1538, Amboooo pwoli veree levellll       Ettn ishtm,Positive
1539, Onnil kooduthal trailer kandavar undengi ibide comeon....,Positive
1540, Ee comment ninagalk oru 369 like um 369 comment um aakan patoooo,Neutral
1541, peter machan. onnu nokkanilla kidilen actions unadakum,Positive
1542, Poli.      L,Positive
1543, പഠിച്ച കള്ളനാ... Like അടി മക്കളെ... Frst time views kandarvar alem like or dislike. Like and viws same same..,Neutral
1544, Flop padam and copy sundars music itu orappayitum oola padama,Negative
1545, mammokka kalakki mone ine kanan kidakunnath kandu ariyanam mone,Positive
1546, Mammukayude 150 kodi padem aayi maratte madura raja,Positive
1547,Oru rakshayumilla poli cinema mammoka polichadukki,Positive
1548,Mammootiye kaanan vendi maathram rewind cheydhavar undo?.... #goosebumps,Positive
1549, Kalakkan kidu marana mass mammukka pwolikyum,Positive
1550, Ee trailer vachaaanooo luciferinodu muttaan varunnath,Negative
1551,Uff oru rekshem illa ikka,Positive
1552, Ikkenem akkenem kanan vannavar like adi...,Neutral
1553, 1:00 kuttiye freezer pootiyittirikunnu ennu thonunu,Neutral
1554, Enta ponnu jayettooiiiii ingalu mmde thrissurle polichadakkindalloo,Positive
1555, Prithviraj ille ee padathil?... Padam pollikum enn thonunavar like adiku..,Neutral
1556, enne pole lalettan mammookka hybrid fan arellum undoo..ullavar like amarthy pwolikku,Neutral
1557, onnum parayan Ila...mammokka polichu.... Thakarthuu.... 🤩🤩🤩🤩,Positive
1558, Katta mamooka fans hit like,Neutral
1559, Dislike cheyta ella nayinta makalkum  namskaram,Neutral
1560, thrissur aano oral must aaan aaarennu parayaaamoooo.....,Neutral
1561, Heavy trailer uff 0:14 bgm and ikkante performence,Positive
1562,Heavy Stills onnum oru rekshem illa adipoli fdfs locked,Positive
1563, 24 hours kond 4 million cross cheyyum enn urappullavar like adikk,Neutral
1564,Ikka fance orikkalum madura raja iragiyaal thallaruth vere onnum alla ath laalettan lucifer film cheyyunud,Neutral
1565, Aduta 200 Cr club movie for lalattan,Positive
1566, Ithoke ikkane kondallathe aare komdu pettum,Positive
1567, Lalettan ayalum mammookka ayalum oru pole support cheyyuka snehikuka.... Verukendath sankikale mathram.....🤗,Positive
1568, Ithu kollaam....  expectation onnukoodi koodi...,Positive
1569, ikka       like,Neutral
1570,Edake edake views nikkan varunna njn matram ano,Neutral
1571, mammokka thug life mashup,Neutral
1572, Mass Ennu paranjaal patoolla kola mass aanu Lalettan and Prithi,Positive
1573, youva thara nirayil eni yeattavum muzhangi keelkkunnath tovinoyude Peru aayirikkum...,Positive
1574, Dileepetan and nadirshaikka .sideeqikka itu pwolikum .dieelpetan snehikunnavar like adichu poyikolu,Positive
1575, Christianikal kidayil oru peru L U C I F E R,Neutral
1576, Ettan poliyanu muthanusuparanu lalaettan lalettan changinakath lalettan,Positive
1577, Dialougue okke LKG piller parayunna poleyund,Negative
1578, Kalakki ithu box ofice aaghosham aayirikkum,Positive
1579,Jayettante oru idi padam kanditt kure naalayi ithil polikkum,Positive
1580, #JUNE 16  #KATTA #WAITING #DERICK ABRAHAM,Positive
1581, Best actor poloru movie expect cheyunnu,Neutral
1582,Ikkayude aaa varavu kandittu box office theernnanna thonnunne,Positive
1583, Odi vidyakal kannan kathu nilkukyanu laletta,Positive
1584, Polichu........Odiyan manikante varave kandoo makkaleaaa.....,Positive
1585, Ee item vech nammal nammade pracharanam thakarkkum...aa item sunny alle,Neutral
1586, Last atte aa adi polichu ...,Positive
1587,mollywood industrik oru otta pere ullu MOHANLAL,Positive
1588,onnil kuduthal thavana kandavar like adike,Neutral
1589, ith oru ononara muthalaa ...lalettan.....katta waitingg,Positive
1590, Sunny leon undo enna poyi kananam,Positive
1591, Just waiting lalettattan mass. Kolakolli item,Positive
1592, Kidukkii mammukaaa kidukii odukathe mass bgm,Positive
1593, O D I Y A N,Neutral
1594, Ith malayalam movie thane ano ijathi making,Positive
1595, Mamakam Hit Aavum ennulever adi makkale like,Neutral
1596, 100cr clubil kerunathinte report kathirikunavar addi like,Neutral
1597, Mohanlal maathram undakiyadhu kondalla Prithviyude migacha direction kondum koode aanu padam super hit aayadh ennu thonniyavar like adikku,Neutral
1598, Enthu kanichalum njangade lalettante pakuthi varumo niyokke,Negative
1599, Kure paavangal pedichu virachukond dislike adichondirikuva ullil bhayam und nallonam.. ettante varavine bhayakunnavarde ennam koodunu..,Negative
1600, Entha chettan vilichittanu njn vannathu enna tovinoyode dialogue mass alle guys,Positive
1601,Check full comment name and details name. kazhivil alla orotharkum nottam nummade alalo ennal comment and like adikam,Neutral
1602, Malayalam cinema pathiye Telungu padam pole avukayano?,Neutral
1603, Ithoru onnonnara ITEM avumenn urappullavar LIKE ADI ലാലേട്ടൻ,Positive
1604, Kandu padik shree Kumar menone anugal film direct cheyunath,Negative
1605, nale padam release ann ...appo engana FDFS alle,Neutral
1606, Release nu shesham trailer kandavar like adikk. Enthokke aarnu....,Neutral
1607, Angane 70 vayassulla vridhan schoolil ethiyo?,Negative
1608,Mohanlalile ishtapetta vekthiyayirunnu njan pakshe superstar sarojkumar enna movie kandathinushesham enikkmanassilayi,Negative
1609, Samyuktha vendayirunnu. :(  Aishu pwoli ann,Negative
1610, Olaaaa   oooola  oooole,Negative
1611, Ee pennu evide poyaalum ithaanallo avastha..,Neutral
1612, Unda  alla Unda Pori...unda boxofficil pattakam pole pottanja mathi,Negative
1613, 1:39 .... bhaaki ullarakh ath punch...njangal wwe fansin ath superman punch!!!,Positive
1614, Ithupole aayirunnu pulimurugan inte trailer..... Pinnedu nadannathuu malayala cinemaye maatimaricha charithramm ...... Waiting for Odiyan laletta,Positive
1615, madhura raja trailer kandu.athinte hangover maran lucifer trailer repeat adichu kandu.ippozha samadhanamaye!,Neutral
1616, No words dileepettaaa... best actor and janapriya nayakan beautiful trailer,Positive
1617, Ikka fans onnu like cheythit po,Neutral
1618, 28 lucifer release ente bday pwoli,Positive
1619, Derik abraham vannu pwolii...bgm adaar item!!,Positive
1620,karikk trending 1 ulladtholam vere onnum avde ethan vazhiyilla,Neutral
1621, Ith kandit engana dislike cheyyan thonnane? Sambhavam kidu aait undallo,Negative
1622, swandam recordukal thanne thiruthunaa  nadan pulimuruganekal odane daivame,Neutral
1623, Prthwiraj  and ikka fans like here,Neutral
1624, Naalu Bengalikal chernnu valichu kadalil ittal theeravunnathe ullu ninte Japan.,Neutral
1625, Enth kondum madura rajayekal 100 madangu masss,Positive
1626, Oru rakshyum illatha trailer Trailer ingane aanenkil movie eganeyayirikkum mass aayirukkm,Positive
1627, 12 hrs 1 million  views   Ikka fans hit like hear,Neutral
1628, Enna koora padama . Mamooty ullond kandirikam . Nalle boradiikkuna padam sthiram kadha,Negative
1629,Madhu raaja comments nokeepam Andhra pradeshikal. Ivda tamil natukar,Neutral
1630,Manju chechiiiiii n lalettan back again,Positive
1631, Mammooka nammale ellavarem pattikuka aan...ingerk praayam 68 onnum alla,Neutral
1632, Njan oru ikka fan alla  Pakshe ente romam vare ezhunnett ninnu apaaram,Positive
1633, Adhyam Cheka chivandha vaanam polae thonni....pinne maari  Vivek oberoi....spl aayi thonni,Positive
1634,LUCY Ooh ennik okk aar like tharan,Neutral
1635, Odiyan Release inte Ann harthal vechekunavan marude muhath nokki onnu kodukan thonniyavar Like Adi,Neutral
1636, Oru mass political- family blockbuster hit aakatteyenn aashamsikkunnu,Positive
1637, Laaletan fans undenkil  like adikku.ikka fans comment cheyyu..aaarkanu kooduthal fans ennu nokkaamm,Neutral
1638, Ithu vere level trailer aanu Mone....,Positive
1639, ayyeeee.....ithenthu samsaram....slangue pattilla lelettanu ...... sadharana malayalam mathi aayirunnu....ithu nalla bore aayitund,Negative
1640, Ithu polulla padam ikkanekkonde abhinayichu kanikkan pattu,Positive
1641, model schoolil padicha lalettan ille ee cinemayil,Neutral
1642, Mammooty fansavm dislike adiche Poi madhurajak adikadaa Etu vere levela mone dineshaa,Negative
1643, Malayala sinimayile ore oru rajav ikka muthan,Positive
1644, Terror bgm theater ilakki marikkunna item aanenn oru soochana iam waiting,Positive
1645, Padam kandavarude pradhana preshanam endhennal...     Veendum veendum padam kanan thonnum  addicted! L,Positive
1646,Trailer search cheythitt varunnilla. Channel il keriyanu kandathu. Trending lum varunnillallo,Neutral
1647, Madhuraraja_3hours 86K like Lucifer_49 minutes 120K like Feel the difference,Positive
1648, Nammade laletttante LUCIFER anu athukum mele  LALETTAN FANS LIKE HERE,Positive
1649, Ouru twist manslayi raja elextionu nikkum ..... Opposite to dady Girija,Neutral
1650, Chekkan ennaa look aahh..  Tovi ishtam,Positive
1651, Sunny chechiye kannam vanna ver like adike,Neutral
1652, Raaaju fans & lalettan fans& Manju fans& tovino fans ennittum 2.5 ml maathram  Lucifer  Maduraraja only mammooka,Neutral
1653, Happy b dy ikka  malappuram ikka fans like adikk,Positive
1654, Ith kandit simple and powerful movie aayirikkum..,Positive
1655, Vysakh etta padam kandu  oru raksheyum illaa  powliii Ningal marnamassalla athukkum mele aan Waiting for #Minister Raja,Positive
1656, Last climaxil oru dialogue und ... baseere...nee ente chonna shaddi kanda.....,Neutral
1657, Mammukka ye kandathinu shesham veendum onnu aadyam thottu kandu nokki.. Athil aara mammokka enu ariyan?! 🤣,Neutral
1658, Dialogue presentation valare mosham padam moonjaali markkaar akumo,Negative
1659, Cinema kanda pravsikal undo...entammo full romanjification,Positive
1660, Samshayam kond chodikkuva,Neutral
1661,Odiyante Odi vidya thudangi makkale...Murugaaa ne sherikum theernu,Positive
1662, Sambavam deep freezeril pettu poyi athann,Neutral
1663, Trailer kidukki  By a lalettan fan,Positive
1664, Laluni fanskar thudangi dislike adikkan avarkku ente vaka,Negative
1665, Njan laletten fananu ...  pakshe trailer kandu romam enittu nikkinnu,Positive
1666, Padam release aytt arengilum trailer kaanunnundo,Neutral
1667,Malayala cinema record thkarkan varunuu athiradi mass movie abrhaminte santhathikal,Positive
1668, Ithu oronnonnara allaaaa athukum mele  mammookka uff ejjadhii,Positive
1669, Oru aradhakan avanayi oru katha menanju.... Aradhakan stronganekill avan double strong anu..... #prithvi#lalettan,Positive
1670, ethinu okkae dislikes adicha Prajanda kunju ghalae nighalkku uluppundo.,Negative
1671, Ellarm polikkattee.. ikka unnimukundan Prachi tehlan achuthan...fanism marann ellarm e padam kanumenn pratheekshikkunnu,Positive
1672,confident ayi dialogue adicha palarudeyum comments athinte present replies kandu  chirikan vannatha,Neutral
1673, Lalettan  poliya  pazhe njan mammookka fana,Neutral
1674,Trailer bore aayi .. eni movie Kandu nokkam,Negative
1675, Eattante pooram kazhinjaal...ikkayude kodiyett... Lalettanum mammookkaykkum pakaram vekkaaan aaarumillaaaa....,Positive
1676, Rajuettan kaiadikanulla dialogues ellam swantham ettanu koduthu lle...,Positive
1677, 1M view munne ee trailer kandvar aarokke,Neutral
1678, Wow ikkaa mass  bgm pwoliii   katta Waitinggg #Abraham,Positive
1679, Myarakam ikka  Hollywood direction and visuals,Positive
1680, Padam 100 cr kayariyathinu shesham kanunnavarundo,Positive
1681, Katta ikka fans indangi like adichu pottiku,Neutral
1682, Tovino machante katta fans adikk like,Neutral
1683, ethil pritvi kanum en manas parayunnu,Positive
1684, Nice Trailer.  Orupadu New Young Stars Mammookka movies vazhi Prekshaka Sradha aakarshikkappedum ennu thonnunnu.  All The Best,Positive
1685, Suraj ettan soubin ikka enn kelkkumbo thanne oru nalla cinema yude smell adikkunnund.waiting for releasing,Positive
1686, Oru 100cr koody njnga Ing aduthu #EIDMUBARAK,Positive
1687, Lalettaaa sahikkunnillaa waiting for you.... Stephen.....,Positive
1688,Enne pole katta waiting ayi nikunavar adi oru,Positive
1689,ikka fans kandit like adichit poyi,Positive
1690, Enne polle 12 vattathille kuduthalle kandavarre arune,Positive
1691, Mamooka grls fans evde hit like,Neutral
1692, Ethilum policecase ano??case kazhinju eragiya mikkapadathilum ethanallo,Neutral
1693, November 21ode kore recordukalk oru theerumanamaakum,Neutral
1694, Machane pwolii item inka pwolikkum.   Thakarkkum,Positive
1695, Onnum parayanilla onnu matram mammookkayaan ente  lahari..............,Positive
1696, Ennum  vannu 5 pravsyam kanuvar ivde vaaa,Neutral
1697, trailer kanndal arinjoode e padam  puliyakum ennu,Positive
1698, E padathodu koodi tovino Thomas super star,Positive
1699, Super trailer cinema kandale  bakkie parayan kaziykka llu,Positive
1700, Dislike adikkan vendi mathram vannirikunnavanmar orupad undalloo sahikanindavula kazhuverikalk,Negative
1701, Trailer last seen onnu oorthu vecho,Neutral
1702, Raju ettan  lalettan  MURALI GOPY,Neutral
1703,Ravanan aya avane illathakkan oru avatharam vendi varum...ikkaa,Neutral
1704, Lalletan fans ellarum like adich power kanikke,Neutral
1705, Dis like adichaa ellavaarode ettanode vedaaa  murugaaa nee theernadaa,Negative
1706, Entho ishtam aanu ellarkum ee Ittimaniye,Positive
1707, njan katta llaletten fana ikka ettente pilleru koodu  ekkante pillerekkode aaagoshikkkan,Positive
1708,kidu bgm making dailogue full pwli mood ichayan,Positive
1709, Mollywood stylish aavanmenkil namude ikka tanne varanam      mega star,Positive
1710, Oompitharam alle mr. Producer.,Negative
1711, Hollywood style...mammukka Box office kidukkum..mass stylish thriller aayirikkum...,Positive
1712, Pottum  bengaali look  IDGAF mon,Negative
1713, Enthonn trailer urakkam varunnu ellaarum nalla kidilam ennu paranju kandu nokkiyadhaa oru rasavumill A  maalapadakkam,Negative
1714, lalettan maranamass ... rajuvettan claass dirctn... THEATER POORAPARAMBU AKAN INI ENTH VENAM,Positive
1715,Onn parayan illa. Aadipoli. Mass ikka. Unni chettan polichu,Positive
1716, Ejjath oru rakshayum llaaaa katta waiting,Positive
1717, Lahari channel subscibers orupad koodii MAMANKAM karnam,Neutral
1718, E teammil ulla arke  phone number kittuvo,Neutral
1719,Arjun ashokine kannddappol sherikkumulla policanennu thonniyavar adi like,Neutral
1720, Enthoke paranjalum anu mol Dhileepettanu nallonam cherunnund,Positive
1721,Movie adipoli.. aju varghese my fav,Positive
1722, Puchivhavarkulla marupadi athum triple strongill ikka ishtam,Positive
1723, mammookka swantham cinimakalkk pratheeksha nalkarilla but abrahamin nalki,Positive
1724, Kalki Kalakki Achayane innu Mannarkadinnu kande ollu...appo ithreyum pradheeshichilla,Positive
1725, Vannu nammude mwuth John Abraham Palakal,Positive
1726, Oru rakshayum illa ikka ingal yendhon manusyanaaa itihasam,Positive
1727, Padam clss ann വേറെ level ayirikum,Positive
1728, Lalettan fans kar okke evadeeee....   Best wishes mammookka,Positive
1729, Sunny chechiyee kannan vannavar like adi...,Neutral
1730, Trailer pwolliiii Eni padam koodi set ayaaa,Positive
1731, Hatssoff Mammukka  Ee Age lum   Pride Of India,Positive
1732, Onnu urappa full entertainment movie yaa.. Yente ponnu ikka fans onnu kaddak pidichaal oru blockbuster engu poorum ....,Positive
1733, ikka scholl mass dailogue ellarum maranna mattoru item und therrunnillallo katta exitment raju ettan  full suspence...,Positive
1734, Ettane kaanan vendi vannavar undo  Podunge inge oru like,Neutral
1735, Jbl headset vechu trailer kandavarundo enkil like idooo vere level,Positive
1736, Veruthe oru like enikkum thanne    Hbd ikka,Neutral
1737, Mammoty and unnimukunthan yemma freak alle,Neutral
1738, Prithviraj,Neutral
1739, padam kandittu abhipraayam parayaney...yennittu venam poyi kaanan,Neutral
1740,Itchy poloru trailer ithuvare kandittillaa ini kanumonnu ariyillaa kinnnaammkaachiii polichuuuu,Positive
1741,ഇത് trending ആകും എന്ന് urapullavar like adikki,Neutral
1742, Anu sithara & kaniha menon നായികമാർ........ Lovable...... and mammookka is always KING,Positive
1743, Kandit romanjam vernnu ikka eth ningale konde sadikku,Positive
1744, entry istam like for lusifer lalettan,Positive
1745, Soubin ikka suraj ettan lead  roll ith oru sambavam aakum katta witing kidukachi filkm,Positive
1746, Appol  summer vacation lucifer kondu pokum,Positive
1747, Poli trailer Dislike motham mohanlal fans ayirikkum,Negative
1748, Feel good movie 2019 le best movie aavum ithu urappu,Positive
1749, Haters കണ്ടം vayi panjoo raja പിള്ളേരും stronga double strongalle triple strong,Negative
1750, Tovino.Namak uruttane... Ayyyo adipoki mass muvi ayrkum katta waiting,Positive
1751, Mammokka fans like here...... Fansinte power nokatte,Neutral
1752, Mammookka Fans Repeat adichu Video kaanu,Neutral
1753, Naalu bengalikal rand side il ninn mannu valich kadalilitta theerunnathe ullu ninte japan,Neutral
1754, Ikka vere level Mass bgm pwli  Ikka mwth,Positive
1755, romancham ennokke paranja koranji pogum ....athukkum mele,Positive
1756, Kanunnathinu munpe dislukke like adichaa ellaa malavangalkkum ente naduviral namaskaram,Negative
1757, Ente Ponno Goosebumps  ... kidu bgm,Positive
1758, Anna Pwoli   Ufff Maranom Mass Maranom,Positive
1759, Eee പടം adhar ayirikum enthoke suspense ഒളിഞ്ഞു irikunu,Positive
1760, Yente ponnu ikka ningal oru jinnanu,Positive
1761, Njn ikka fana pakshe njagalude Ella support um ondakum,Positive
1762, Mammokayude unda varunnu an kaliyakiyavar kedo.....unda verum undayala thokkil vediunda yamanasilaya  mammookaye kaliyakunnavare,Negative
1763, Ethena makkalee item ane paranal raja,Neutral
1764, Final air punch,Neutral
1765, Adhikarappeduthunna gadikaarame. Ithu gadikarangal nilakkunna nimisham. Indian cinemayude mugamudhra,Positive
1766, Oru mass heeroye kitti mone kitti,Positive
1767, Dislike adikan vendi mathram trailer kanunna kure vanangalu,Negative
1768,Like adichit button pottikandirnna bagiyam.... ikkaa..,Positive
1769, RAJA RAJA RAJA MADHURA Veera RAJA,Neutral
1770, 10Million views aakkan Vannavar Undo....???? L A L E T T A N,Neutral
1771, Adipoli Vere level  Aayttam ethumathi fdfs polichadukkan,Positive
1772, kand kili poyavar adi like what a editing,Positive
1773, Dislike adichu de grade cheyyamennathu mohamalla setanmare..vyamoham,Negative
1774, DISLIKE ADICHAVARK  IRIKKATTEE  ORU  KUTHIRA PAVAN......*ejjathi ooolatharam,Negative
1775, ithil dislike adichavarkkellam ente naduviral namaskkaram,Negative
1776, mohanlal anna ningal veru mass alla kola massaa,Positive
1777, Lusifar and madura Raja 100Codi clubil kayaranam apo indiyil atvum valiya indastrey Malayalam film indastrey avum,Positive
1778, Lucifer trailer enne vandi wait chayunnavr like,Neutral
1779, Charithra cinema cheyyan annum innum mammukkaye vellan oruthanum illa. Kidiloski trailer.,Positive
1780, Aah last superman punch undallo... gives a goosebumpz.. ith  powlikku.,Positive
1781,1 mnt.. I laks views.. Polichu.. Laletan massssssssssssss,Positive
1782,212k views,Positive
1783, Bro full support rock man allel,Positive
1784, Addddiiiiipolliiiii.....marana masss.....oru sakshem illa....lalettande kidu look.....🤩🤩,Positive
1785, Kidu trailer oru rakshem illa katta waiting,Positive
1786,Film inn release... Arenkilum kandavar undoo??Eganund????,Neutral
1787, Mamukka I  like  you,Positive
1788, Kavya film company perinu Oru gummilla...,Negative
1789, Tovino kku Rahul Gandhi ayitt similarity thonniyo...,Neutral
1790,Oru mass +class padam anu eenu ourapichu,Positive
1791,Eee padam pwolikum..... Aah വിശ്വാസം anu eee comnt,Positive
1792, trailer kanditu ithenkilum pwoliyillannu thonnunu..   nb:- njan oru katta #mohalal fan aanu,Positive
1793,Lucifer thannee sheenam maarillaa aduthu kootheraaaaa thaaa,Negative
1794, Dislike adichavarkk ente vaka naduviral namskaaram,Negative
1795, Raja serious aane rooombaa serious  ith kidukkum🤞 Mammukka,Positive
1796, Ufffffff ichayaaa pwolich ur die hard fan 4 ever,Positive
1797, Mamangam marana mass akum allathe pinne,Positive
1798,Katta lalettan fans ivide orre like🤙,Neutral
1799, 2019 kollaloo...Perambu,Positive
1800, Like kand anthaaalichh vannavar adi like,Neutral
1801,Ikka   pwolikkum   bgm pwolichu,Positive
1802, Ikkante mathram pilear undangilkayy adikada...,Neutral
1803, Rajaye... Kandittu derickine kanan vanathu njan mathram anooo.... 🤗,Neutral
1804,Uff romanjam kond irinaduth ninn njan enit ninn poyi,Positive
1805, Indian cinemayuda king Raja is coming,Positive
1806,Eee vishu ikka yum pillerum kondu pokum,Positive
1807, Powlichu Lalettan and Rajuvetttaaa 🤝🤝🤝🤝 thudangalle Tcr vedikkettu !!,Positive
1808, പടം പൊളിക്കും HBD mammokka       By Die hard ettan fan,Positive
1809, mohanlal ingnanu kure chavar pole irakkilla .vanalo...odukkathe varavaakum..luv u laletta,Positive
1810, tamil-telungu-malayalam orrumichu  release  cheydhal  valiya orru  sambvam aggum,Positive
1811, Prithviraj ne kandupidichavar like karo..,Neutral
1812, Poli ee movie oru charithram aaagum,Positive
1813,Jimmittoli vaangale ninte ammede poottil chekuthan keri ookkunnu poy dislike adi,Negative
1814,Nalla set movie,Positive
1815, Mohanlal - Chettan Tovino - Lalletande aniyan. Ee combination iniyum kannan agraham ullavar like adiche.,Neutral
1816,ithu ividam kondonnum nilkilla monei.hatersei ningaludei karyama kashtam.poyi valla aduppilengannun poyi irikk.aa choodang maarattei.enna julay 5th.kaanaam allalla kaananam.,Negative
1817, Trailer 2 il kooduthal tavan kandavar like adichea,Neutral
1818, Swargatthil ninnu purathaakkappetta daivatthinte swantham maalakha polichuuuuuuu LUCIFER waitingggggg...........,Positive
1819, Ee item vech nammal nammade pracharanam thakarkkum..,Positive
1820, 10 million ayannu nokkan vannavar arokke und ivide,Neutral
1821, Ithonnil kooduthal kandavar undengil adi machane oru like,Neutral
1822,3 times continue kandavar onnu ivde vanne..nedumplly rock,Positive
1823, Versatile Star Jayasurya  Mass kaa baap  pwoli item loading.......,Positive
1824, blast fdfs  Palakkad ntea own odiyan,Neutral
1825, Aah nalla best marakkar...sound kettal thanne ariyam...ithu adutha neeraliyo odiyano aavanulla laksham aanu...daivame ee pulli ithu enthinulla purapadu aanu...🤣,Negative
1826, Innu urangaathe naalayavan veendi wait cheyyunnavar,Neutral
1827, Njan padam kandu....kidukachi padam .....ellaarum ee padathe Patti negatives mathram parayunnu...I don't know why....any I lived this movie,Positive
1828, Lalettan illatha eanth sinima le makkale kodk like,Positive
1829, Oru Adaaar Item  Ikka pwolikkum Marana Maaasssssss,Positive
1830, Katta waiting....  maranamass  trailer......,Positive
1831, Lucifer kandu. Eny Ethu. Kananam.. Ohhhh.,Positive
1832,Views ennam nokan vannavar like adichee,Neutral
1833,Comments engilum 30 k ethikkanam..ath oru record akkam,Neutral
1834, Chettatharam kanich... App upayogich dislike adichavarod,Negative
1835, Direction Rajuettan aanel Standard inte glucose level high aa  Speechless,Positive
1836, Kurach massum aayittanallo jayetta ipravishathe varav,Positive
1837, Trailer yethra pravashyam kandenn yenikkane ariyilla,Positive
1838, 4  m views.... 300 k likes...,Neutral
1839,Ikkayudea Look istham ayavar ividea like adikk 🤘,Neutral
1840, Nayika liftil kudungunnu... Ellaarum oodi nadannu anveshikunnu....,Neutral
1841, Ikkaye big screenil kaaanaaan katta waiting... Ikka anbe,Positive
1842, Kiddu trailer ....last momukka oduna scene pwolichu.nala ore visual treat avatay mamagam....,Positive
1843, All Kerala mammooty fans anangill ADI ORU like,Neutral
1844, Aadhyam lalettante kude Lucifer...Ippo mammukayude koode ith....Rajuvettaaa,Positive
1845, Chechiuede mukham kandu like  cheythavar aroke ikka,Positive
1846, Poi chav Madura raja illalpo oruthnm thalla pokkula,Negative
1847,Ente prithvi anaa engalee polikumm ...romanjamm,Positive
1848,Sunny chechi ye Kanan vanahvar like adi,Neutral
1849,Maryaadhakku kudumbam nokki nadanna shammiye vattanaakkiyathu ival oruthiyaanu ivalkku angane thanne venam.shammi🤴evide kidakkunu aa colony Bobby‍🦱 evide kidakkunu,Neutral
1850,inni Kanji chodichu Arum varandaa....Assalu Biriyani thanne Thannittund.         Lucifer,Positive
1851, Swondham appane kandal adikunnavanmara ithinoke dislike adikunne. Adichondu avide irikathe ullu. Ivide ettanm pillerum stronga dbl strong,Negative
1852,Adipoli... Kidu kidu kidu... First day first show... #mammookka,Positive
1853,Haneef adeni pwolikkum  Maass trailer  Mommookkayude Face kanum yenn pradeekshichu  Sambavam marana maass aann,Positive
1854, Mammooka fans  ivide come  & like adii,Neutral
1855, Ikka uyir Akka Athukkum mele waiting for akka with ikkasunny,Positive
1856, Malayala cinemayude idhihasam mammookka happy birthday Mammookka,Positive
1857, #mammookka    aa peru m,Positive
1858, Ennthayalum Raja oru van vijayamakatteya. Ikkayudey athiya 150 kodi chitharam,Positive
1859, Kidukkachi  ...katta waiting 4 Pooram....vijil polichu,Positive
1860, First Veiwum Likum adikkan Ready Aayi nikkunathu Njan mathram aano🤘,Positive
1861,Ningalkk arkum arinjudatha oru karyam ee movie pulimurakan movieyuk connection onde,Neutral
1862, Ikka& unni fans onu urjathode pravarthichal 24 hour's kond 5 m adikka,Neutral
1863,Social blade 200 k like kazhinu,Neutral
1864, Malayaala sinimayil Mammuttikkaan etharathilulla kadhalaathram nannaayi cherunnath,Negative
1865, 2019 November I'll ith kanan vannavar undo,Neutral
1866,Madhuraraja and abrahaminte santhathikal .........vere level,Positive
1867, Aha aha nalla kidilan thalavettu,Neutral
1868, Mamaangam valiya hit akatte  Lalettan and Thalapathy Vijay fansinte Ellavidha supportum undavum 🤗🤗🤗,Positive
1869, Njaan aadym vichaariche punyalan 3 aanenaa,Neutral
1870, Kanji fans dis like adichu thakarkkunnudu,Negative
1871,Makale ith polikum ikkaaa love you,Positive
1872, Nalla oru film anuuu ellavarum poyi kanu....,Positive
1873,Ilaya thalapathy vijay fans from kerala... adi like!,Neutral
1874, 2013 drishyam 75 cr 2016 pulimurugan 150 cr 2019 Lucifer any guess???,Neutral
1875,Numma or nummade or nammande palakkad le Katha aanu,Neutral
1876,Kidilan trailer... All da best lalettan.  By a Mammukka fan...,Positive
1877, Uyante mone.......!!!!!! Ith eeeeth lookkaa mammootty ....... Vere level.....,Positive
1878,policinte kayilulla pottasu thokku kondu bheekaravadhikale kollan pattila athinu Nammude Pattaalam Thanne venam,Neutral
1879,1:56 Ee seen kand romancham vannavar  adichek,Positive
1880, No way man ikkaaaa next hit,Positive
1881, No words Pwolikkum waiting By DQ Fan,Positive
1882, Sudapikalkku kurupotti aa dislikes kanda . A Hollywood level work,Negative
1883, Narikal irangum munpe dislike adikkunno chettakale,Negative
1884, Endammooo . Kidukachi Item . Mohanlal Fans Like adich polichek,Positive
1885, im a katta lalettan fan....but ithu hit aaakanam..heavy,Positive
1886,Koora Trailer iyalkku ee pani nirthi pokkode,Negative
1887, 5 pravishyathil kooduthal thavana video kandavar like adi,Neutral
1888, Avasanam oru superman puchu ude  mamukka powlikum  kude madura rajayum,Positive
1889, Ikka Fans Like here  And Maranamass,Positive
1890, Nalla padam..... Ini trailer eppozha vara??? 🤔🤔Kathayum manassilayi Mammukayude entriyum kandu,Neutral
1891,300k kazhinju ini 4oo ill kanam,Neutral
1892, ithenthaanu like dislike koodi 173k.. views ippolm 172k..youtube adichu poyoo,Neutral
1893, Tovino machanzz oru rakshayumilla waiting for  kalkki,Positive
1894, E trailornu unlike adicha ella oolakalkum,Negative
1895, Lalettan annum innum ennum mollywood raja,Positive
1896, Ellaaa divasavum kaaannunnavarund avar like ady,Neutral
1897, heavy ennu paranja pora.. athukkum mele...,Positive
1898, Prithviraj Sukumaran,Positive
1899, Raja yude power kanichu kodukkande,Neutral
1900,Powli ikka,Positive
1901,16 k..  mammooty fans thayolikal dislike pooranmar,Negative
1902, Haters pani thodangind makkale.....sahikunnilla avrkithe kanditte..,Negative
1903, Enthanavo ee 256 windows kunjappanmar ....,Neutral
1904, Sunny chechinte song kelkkan waiting,Positive
1905, kandittum kandittum mathi aakunnilla,Positive
1906, Rajuvetta katta waiting for Lucifer,Positive
1907,Ikkante dialoge alla ethu ambilada sounda,Neutral
1908, Hambo ..Vere level ..Oru rakshayum illa,Positive
1909, Superb oru rakshyilla.... polli trailer,Positive
1910,E mohanlal and pdithvi  veendum kothippikkuanello,Positive
1911, rajuvettan lalletan hit kazingi ini rajuvettan mammoka hit rajuvettan ishtam🥰,Positive
1912, Lucifer ...Rajuvettan malayalcinemakku nalkan pokunna ponthuval .....Lalettann awaiting ....For your devil lucifer,Positive
1913, Raja 100 core kadakum ennu urappulavarke like adiche polikanulla button... Ikka,Positive
1914, Sathyam parayanallo trailer vijarichathra angudu kalangiyilla....nnalum all the best,Positive
1915,ankilinteyum parolinteyum parajayathinu shesham mammokkayude shakthamaya thirichu varavu,Positive
1916, Trending 1  #mamangam #mammookka,Positive
1917, Katt waiting far lalattan far lusifer,Positive
1918, Ntikkaa ingal age 67 aano atho......off myaarakam...ummmaaah,Positive
1919, Entammmoooo... Lalettaaannn fan here.......... Hnmmmmmm......  Ithu Pani aano???,Neutral
1920, #powlichu Laletta#,Positive
1921,nalla trailer  ini ennathina padam kanunne,Positive
1922, Pwolli item Mammukka Bgm Uff No words Katta waiting,Positive
1923,Padam kandit kidu aayi thoni trailer kaanunvr,Positive
1924, Polichu ikka suppar u r great,Positive
1925, Kidukachi ene parja pora athukum mele  tovi ichaya🤩🤩,Positive
1926, Cinemayil Nalla oru content undd ennu manasilayi E padam hit aakum,Positive
1927, Malayala cinemaye adakki barikkan ithaverunnu..... oru kolakolli item....,Positive
1928, Ith oru onnonnara item aayrikkum,Positive
1929, Idvere vere chilar parannadaaannn muruga nee theernnada ennn ..ini nangal mammookka fans sherikkum parayunnnu .....MURUGAAA ....NEE THEERNNADA .IKKA LOVE,Positive
1930, Kandittum kandittum mathivarunnilla ..entho oru magic trailer I'll und..appo filim ethanennu uhikan pattunilla,Positive
1931, aarum parayilla pirats of caribian parts allann,Neutral
1932, Naan thala kidayaathu thala arukkuravan ejjathi dialogue,Neutral
1933, Poraaaa.... oru ghummm aayilla .. korch car blast crowdd okke aavamaaayrnnu... producer paisa sherikyum irakkittilla🤦‍,Negative
1934, Ee Padam hitakkamo ennnariyilla   Pakshe ee Onam oru theatrill full cinemakkala,Neutral
1935, Engane unlike cheyyan thonnanu....ee kanikkunath Kerala police nte motham avasta aanu .....,Negative
1936,Padam pottum Ram fans munji.. sudapi teams  kuru pottum,Negative
1937, Entammo ikka powli powli ...heavy item,Positive
1938,Dislike adicha colani membersin ente namaskaram. Feeling pucham,Negative
1939, Chandhuvineyum pazhashiyekalum mukalil nilkan pokunna oru muthal.. chandrothe ee vellyamamma..,Positive
1940, Ennik mathram aano 200 cr clubil ee movie keerum enn thoniyath ?,Neutral
1941,Mamangam trailer kndit vannavar undo?  ettan,Neutral
1942, Ithu polichuuu ..   Tovinoo .. Broii .. I m also a ichayan of mii kalla kochu .. .,Positive
1943, Lalelattanum raju ettanaumulla oru film kure kalamayi aagrahichirunnu  athu nadannathilulla santhosham pinne parrayanundo🤩🤩🤩🤩🤩,Positive
1944, enthe ponno enna lookkada mmmde eattan,Positive
1945, oru moideenum  katinintavila odiyan vendi,Neutral
1946, 26K malaghamar dislike adichirikkunnu....Sahikkanjittanu vere onnumalla.....kashtam....dhaivathinte sontham nadu,Negative
1947, triler kanathe dislike cheyyunnavarkk ente prenamam yogikunnavar like,Neutral
1948,Promo video  ente ikka,Neutral
1949, Trailer I'll tannaayy full story uondu,Positive
1950, waiting  ganagandharvan mamankom sherlock bilal  enik vayya.... mass ka baapp,Positive
1951, Theatre baaki undayal mathiyarunu...ente laletaaaaa....ingal vere level aanu man,Positive
1952,1 view = 100 like 100 view = 10000 like 10000 view = 1000000 like,Neutral
1953, Ente ponno lalettan oru rekshaum illa  ഇടിക്കട്ട waiting,Positive
1954, Like ipozhe idaruthu trailer vanna shesham idam ee perunnalu mani sir kondpokim,Neutral
1955, Njan lalettanu katta fan aan..Pakshe idhile mamukkane Kanan vendi ee trailer etre pravisyam kandunu enik ariyila..Kidu...,Positive
1956, Viewers 16k like 85k ithengane 🤔,Neutral
1957,Dislike button adich kalikunaa tmzod pucham matram,Negative
1958, Lucifer onnil kooduthal thavana kandavar onnu like adikku ...,Neutral
1959, Mass mass pakka masss,Positive
1960, Mohan lal alla odiyan  ennariyavunna eathra pear und?,Neutral
1961, Dislike count kootan budhimuttuna chila aalukal,Negative
1962,Ikka uyire.... Malayalm cinema ude abhimanyam...... Mammukka Fans Like here,Positive
1963,Mangatholiii... Mattoru neerali avathirunaal mathi. Swam pongiyudae chandu pottu look kollaam..,Negative
1964, Lalettante katta fan aanu njan all the best laletta,Positive
1965, Ennikku aa 30 kollatte charithram ketta matiye....,Neutral
1966,Ekka trailer ethanel padham teatre pooraparambakkumallo.evdem kanum disliken marr,Negative
1967, Katta ikka Fan's okke onnu like adichu pokke...,Neutral
1968, 5 million  aakum ennu urappullavar like adik,Neutral
1969, Ee trailer Anu ippo most comments olla Malayalam trailer,Positive
1970, 1st day Pokum enn orapullevar mathram LIKE,Neutral
1971,Happy Birthday Mammookka  Katta ikka fans like adichu polikk,Positive
1972, Lal ettan fans evide adik likeadutha hit loading aann makkale,Positive
1973, I am കട്ട  waiting for ഒടിയൻ,Positive
1974, Laleta pattunna kadhapathram cheeyy ningalk charithra cinema sheriyaakoola Aa samayam 2 adipoli cinema cheyyan nok borayitund dialog,Negative
1975,first coment ..laletta love u...Raju Chetta love u....,Positive
1976, Padam kandit ittymaniyude trialer kannan vanavar uddoooo lalettan fans like theme adipoli,Neutral
1977, Keri vada makkale edh double strongum tripple strongm alla adhukum mele,Positive
1978,Jayettaaaa ente chunkkeee🥰 Sabu Chettan 🥰,Neutral
1979,Wow... Extraordinary trailer.. Eanna acting aanu ippolum njangada ikka.. Kode ninnavar palarum kali marannu tudangi ikka.. Muttanu.,Positive
1980, romanjification love you laletta ithu pwolikkum,Positive
1981, Trailer kandapol bahubali orthavar like adi,Neutral
1982,Come ondraaa mahasheeee.... Vegam iduuuu ...,Neutral
1983, Nairmare vendannu paranja Kallamark kanich koduk ...Nairmarude karuth...lalettan and prithivi...tholpikkanam ee electinu....,Negative
1984, Romaanja kanjuka kunjukamaay... The BOss Of MollYwooD....,Positive
1985, Aanoruthan thokkum pidich irangiya neerali alla Avante appan vare padikkum...alla pinne..ikka fans hit like,Negative
1986, Abraham Qureshi yanno udheshichee PWOLLICHU PWOLLICHU PWOLLICHU,Neutral
1987, Iyal malathile super staralla indiakarude muzhuvan stara,Positive
1988, Arokke 0:21 bigil first look kando,Neutral
1989, Lalettan fans undo?? Undengil oru like please,Neutral
1990, Adichu makkale... 10M.. Epozhm trailer kanunnavar undo??,Positive
1991, After 20 hr  3M viwe,Neutral
1992, Fans kaar.... Pls padathinu hype koottaruthu... Ithu oru sadharana cinema yanu... Dayavu cheythu nashippikkaruthu....,Neutral
1993, 17k dislike🤣...mamunnifans kurupotty  ..  Rajuvettan oru prasthanam aanu...,Negative
1994, Ente ponno ithreyum kathu irunne trailer vere illa ikka uyir,Positive
1995, Sho.... Naatil vechu padam kaanan pattilla ennu orkumbol....,Negative
1996, Njn ithil aru roll cheyunund namude ichayan polliyann  maranna mass,Positive
1997, FDFS locked ഒറ്റ പേര് Megastar Mamookka,Positive
1998, 10 million aakum ennurappullavar like adikkuka,Neutral
1999, Ikka         L V  U,Positive
2000, Lvl trailer Raju etta polich Odiyan ondakkiya chethapperu marum enn urappayi Good work,Positive
2001, Ithu vere level aane makkale.,Positive
2002, odiyan thulapichu myran V A Sree kumar kopan poda,Negative
2003, Uff poli... Mammookkede aaa ottam oru rekshayilla,Positive
2004,Dislike adichal Ella Shemalesnoodum 9noodum . 28nu theatre IL baaa pooram Kanam,Negative
2005,Dislik adichaver undo evide kudi onnu adichitt ponnea,Neutral
2006, Viswasam Pola irukkunu Adi poli congratulations,Positive
2007,Murivetta simhathintte shyasam garjanthekal bayankaramayirunnu Vannu vannu avan vannuikkaa love you,Positive
2008, No hope oru disaster manakunu,Negative
2009, Ee Saturday Padam  Kodi.  10 days = 100 crore,Neutral
2010, Trailer view 10 M aakan wait cheyuunvr like chyu..,Neutral
2011, Lalettan  nthaaa lukkkk Lalettan fans like me,Neutral
2012, Koora padam urappa kandal aryam.. Hello,Negative
2013,Katta waiting cheyunna alukal onn like adichee,Neutral
2014,Onnum parayanilla ennalum  oru rakshayam illa,Positive
2015, Pakaram vaikkan..ellatha prathibha....lal.... njan paranjathu sheriyalle...plse like,Positive
2016, Odiyante triler leak cheyyum ennu parayunnavarod.....ayyappante photo veettil undenkilum swamiye kanan ellavarum malaykku thanne pokum,Negative
2017, Appo lucifer  theernnu.lalettaa varunnathu RAAJAyaanu MEGA star MAMMOOTTYude MADHURARAAJA,Positive
2018, Mammukka fansnu like adikkan ulla nool,Neutral
2019, Adipoli.... Morning 180k likes ondarnath ipol 120k ollalo.... Entha ikkafanse ithu???!!!,Neutral
2020, Fb live kand net kalanjavar ivde like..,Neutral
2021, Wow ejjathi item mammookaa. Ingalu puliylla puppuliyaa,Positive
2022, Ee dislike addikunnvarode .....onnum paryaanilla.....naldukandal aghikarikaan padikk,Negative
2023, റിയൽ viewrs till 1.8 ano ഇപ്പൊ????,Neutral
2024, movie kandathinu shesham onum kudi trailer kanan vanaver like,Neutral
2025, Spr item rajuettan nalla making Lalettante karyam parayandallo,Positive
2026, Edhe adha padam edhe oru hendhi movie alla,Neutral
2027, Dislike adicha Ella achanillathavarkkum nadu viral pranamam,Negative
2028, Mammokkaye snehikunnavar Ivide like addi,Neutral
2029, Lallettaaaa pwlichu maranna massss triller .you are the only king in mollywood  Triller ishttapettavar like aaddikkaddaaa,Positive
2030,Pakka mass movieanagil evide oru like thero,Neutral
2031, Ikkakyu lalettan fans nte Aashamsaghal,Positive
2032, nenchinakathu nammude lalettan aneee,Positive
2033, sathyam parayalow kaNubol ente police traing kalam ormavarunu,Positive
2034, Katta waitinggg marana masss idhaaan makkale heroism🤩🤩🤩,Positive
2035, Mammookka fans like adikk pattumenkil ente channel subscribe cheyyuka,Neutral
2036, Luciferinte athrayum eatthilla ninte vatturaja pinna sunny chechie ullathu kondu kaanaaaam,Negative
2037,Pinneyum pinneyum trailer kaanan thoonnu enikke ningalkko?,Neutral
2038, Raja+ Murugan= Maduraraja Sambhavam kidukki  Waiting For re entry of mammookka,Positive
2039, Nettoran as Congress guy. 🤐.. kadha manasilayi .. linen taking place of gadhi ....,Neutral
2040, laletta na pole orale ullu malayalikalude ahagaramaya mohnlal,Positive
2041, Trailers isttapetta LALETTAN fans  adi,Positive
2042,Kidilan trailer vere level,Positive
2043, Aa pazhaya lalettane thirichu kittiyennu thonniyavar like,Neutral
2044, Njan oru a10 fan aanu but ithu kollaam...... nammade ikka poliyaanuu..... all the best......,Positive
2045,Unda enna peru kettapo,Positive
2046, Dislike chydha appa illaathavanmmaar bloody fools,Negative
2047, Katta waiting aliyoo njanga malayalikalkkum nddaa mass padangal,Positive
2048, 0:46   vere level scene,Positive
2049, Malayalathile kgf nrachi mari mandristanam ayi athe ullu,Neutral
2050, Ikka i lv uuuuu big screen kandolan waitinggggg,Positive
2051, njan nookumbol 17k views and 113k likes  Ikkade pillerude power like adikk. . . . (edited because of the increasing of likes),Neutral
2052, Surajettane kndappol ravanaprabhuvile varyar ammavane ormma vannavarundo,Neutral
2053, Ejjathi. Trailer..!! MAMMUKKAAAAA 🥰🥰 🥰 ...Padmakumar nigal vere level aanuu.,Positive
2054, Trailer kandavar thanne veendum kure kande treding il nilanirthan sremikunnu..ennal views keyarunnum ella..etheppo madhuraraja kke kittiya views polum ella,Neutral
2055, 6.3 dislike veru verupp athanne karanam,Negative
2056, Heavy,Positive
2057, Dislike adikaan vendi vannathaan pakshe ikka ee trailer kanditt dislike adikaan pattunnilla So ente vaka oru,Positive
2058, Dis like addichavark ende vaka naduviral namaskaram,Negative
2059, 30 pravashyathin melil kanda alkar ivide like,Neutral
2060,Movie ok aanu.    Entertaining movie,Positive
2061,malayalikalude rakthathil alinja peru...mamukaaa....ith polikkum..Mega Mass Movie from One and Only Megastar..,Positive
2062, Kochin haneefka valsalyam cinema eduthad pole onnil odukkanan prithvirajinte erpadengil Aradagar panhikkidum.,Neutral
2063, Peranbu ...Yatra ..raja ....ikka tripple strong aanu makkalae ....,Positive
2064, Ithaanu oru katta aarathakante cinema,Positive
2065, trailar mas  padam marana mas rajayum pillarum kali thudagi  pakalam,Positive
2066, ikkkayuda padayalikalk like adikkan ulla noolu,Positive
2067, Appazhe.. inni aa KGF tone kude kayattiyal KGF 2 aayi..,Neutral
2068, Ikkaaaaa. Ingale ennaa level aah. Ee prayathilum body... Muthane,Positive
2069,Annyayam not only a single mass political drama,Positive
2070, Model schl makkal indel like adik model da,Neutral
2071, Lattente dilog eshattam ullavar like here,Neutral
2072, FIRST LOOK POSTER VACH NJAN OOHICHADHINEEKKAAL..... “18 PADI” MUNNIL......,Neutral
2073, Prayam koodumthorum Actionum Pulimurugan pinnil avo?,Neutral
2074, Ee padam kand chirich pandaram adangi,Positive
2075, Padachooone....BGM..kett vaaa polich poyath njn mathram aaahno.?,Positive
2076, Ella frauds um koottathode undallo...naari dileep,Negative
2077,Entammo...polli kl8 kdavukalkku like adikaanulla nool,Positive
2078, AGE is A just number  pakka herooooo,Positive
2079, derik Abraham use cheyyunna car edaan,Neutral
2080,Mammokkaaaaa .. marana mass look ...kiduveey,Positive
2081, Mammoookkaaaa.... kidu mammookka irangiyappo pilleru sasi aayi..,Neutral
2082, Raja yude team oru like adiche,Neutral
2083, Dileep ettan fans like here,Neutral
2084, vere level trailer and bgm gopi sunder musical,Positive
2085, Etra Varsham Kayinnalum mammoka Ath or Haram aaan,Positive
2086, malayala cinema heightsukal keezhadakunnu... innevare ulla cinemakalil ninn vyathasthaamaayi chithreekarikunnu... Proud to us...,Positive
2087, 4k sangi polayadi dislike fucking sangi,Neutral
2088, laletta polliku full support annu,Positive
2089, trailer review ellavarum kand nokku,Neutral
2090, Njan oru Lalettan Fana Ennalum Enikk Teaser Ishtappettilla,Negative
2091, Mavoist inte appane vare kollum nammade ikka #LIKE BUTTON ADICHU PWOLIK IKKAK VENDI,Neutral
2092, Dislike adicha mahanmare cinema erangumbo kananam,Negative
2093,Lucifer le item dance video song erakkan patvo... Illa le,Neutral
2094,Maranamass trailer.....orupaad ishtamaayi.....Lalettan Prithvi combo pwolichadakkum....,Positive
2095, oru rakshayum illlla. orappicho muruga ninte mukalilekkk oru asuravithinte idivettu entry kathninnooo 100 crore club  adichaaaaaach,Positive
2096, njan oru ikka fanannengilum lalettan onnam polikatte,Positive
2097, Soubin നെ ishtappedunnavar like അടിച്ചു pottikk...,Neutral
2098,Hmm ippo ethum trending listil !!!,Neutral
2099, Ikka fan aanne  Ennalum parayuva kolakolli item,Positive
2100, Raja Returns  രോമാഞ്ജിഫിക്കേഷൻ,Neutral
2101, Lucifer trailer erangiya day million views vannapo sudappi makkal endho paranjarunnallo.ikkede trailer onnu vannottu ennu alle?ennittu bhayangara views ahnallo🤣🤣🤣,Negative
2102, Laletta inghal pande vera level aah...pande nenjil kond nadakunaathaa ente swantham lalettaneLub uh laletta,Positive
2103, Sambavam kidu ayandu..but pratheekshikkan pediya.. sherikkum pedichitta,Positive
2104, കുരു കുറെ എണ്ണത്തിനു പൊട്ടുനീണ്ടു  ...trailer upload avunathinu munbe thane 3k+ dislike ayiii....Ntha cheyale rodhanam,Negative
2105, Dislike myrolikalk ulla kandam Madhurayil orukkiyittund enn parayan paranju....,Negative
2106, Njan mathram aano sunny chechiyee kaanan vannath  Sunny chechi uyir,Positive
2107, Ithanu mamukka. Mammuka thirichu vannunn poyi parayedaaa. Lalettante level ipoooo,Neutral
2108,Evideyekeyo oru pulimurugan background thonniyavar like adi,Neutral
2109, enthinaannu allukal dislike adichu koottunnathu ennu enikku manassilaavunnillaa,Negative
2110, Katta pretheekshaaa....... Luv u alla ...,Positive
2111, Trailer repeat kandukondirikkan thonnum.. LALETTAN.. ISHTAM,Positive
2112, Nale keralthil box officinte maranam ayirikum....ikkanteyum pillarudayum vaka....,Neutral
2113, Nge...like kuranjo???..autolikes 3g.. anyway trailer heavy,Positive
2114, appo E onam  apo ettanum pillerum angu edukua,Positive
2115, Cinema odiyan pole hit aavatte ennu ashamsikkunnu,Positive
2116,Pokkiriraja verum trailer mathram.... Picture abhi be bakki he Bhai.... Ini rajayyde varavanu.... Orungi irunno....,Negative
2117, padam 2 thavana already kandavar aarelum undoo,Neutral
2118, ithu kalakkum adi makkale like ee rajayude pillar strong kaanich kodukk....,Neutral
2119, Enikk oru 10 like taroo plz,Neutral
2120, Laalettan fan aaan.. ennaalum ee padam Oru vijayam aakanam enn agrahikkunnavar like adiche,Neutral
2121, Ikkayude adya 100cr padamakum ithennu urappullavar like adi,Positive
2122,mind blowing ikkaaaa....,Positive
2123, enthu myru dailogado ikkayude ketitile athu pole para mo e.,Negative
2124, Reapettt mode..on...!!. Enne ividenn arenkhillum onn  kondopoko...????,Positive
2125, Suraj Chetan kunjunni maashinte athe cut und.....valare nalla character chetaa,Positive
2126, 1:34 il Prithviraj ine kandavar like adikku...,Neutral
2127, Anganey avasaanam malayalathilum oru vedikkettu trailer irangi,Positive
2128, 2.7 k dislikes irangunnadinu munne thanne vannalloooo,Negative
2129, gopi anna polichu bgm BIG B ku shesham  veendum kidu,Positive
2130, Onnil kuduthal kandavar like cheyyu ivide,Neutral
2131, Suraj Ettan nn kuruch koodi screen time kodukayirinu... Prithiviraj de direction reference kaliki  Overall pwoli padam,Positive
2132,Mmade Arsha  Arsha as Devi  keri pwolikk mwuthe 🤩,Positive
2133, Releasinte aan thanne pokum ennu   Urappullavar adi like,Neutral
2134, MADHURA pazhaya kochiyallennari \r yaam..pakshe RAJA pazhaya RAJA\r tanneaa.,Neutral
2135, Padam vere level aaavum.... Mammulaaaal fanz,Positive
2136, Endhokke aayirunnu malapuram kathi.kozhikode aluva,Negative
2137, Trissur pooram mathramalla nalla  terror gundayisom ulla naadanu trissur ennu arkelum ariyo?,Neutral
2138, Ikkante trailerlum polichu. lalettante trailer polichu.we vacation adipoliyayirikum.,Positive
2139, Mmk ikkem ettananum ore level aannnu ath vere level,Neutral
2140, movie kk fuljar soda nte taste,Neutral
2141, Naanundu I am a katta laalettan fan,Neutral
2142, Aa traileril Nakul Thampiye shradhichath njn maathram aano ???  Mammookka ingal muthaan.Kann edukaane pattunnillaa.... #Mammukka ishttam,Positive
2143, Padam kanan pokunnathinu munp onnukoode trailer kanan vannath aarokke,Neutral
2144, Uff.....aa last scenile look oru rakshim illatta....pwoli,Positive
2145, Maraykkarum mamangavum oru pole kaathirikkunnavar like,Neutral
2146, Njangalude muthanu  ingalu laletta..... Lub u Etta......,Positive
2147, Mammookka  unni mukundan  achuthan,Neutral
2148, Nte ikkaa ethu kandittum kandittum mathiyavunnilllaaaaaa Polichu ikkkaaaaaaaaaaaa,Positive
2149, Keralathil kingum devilum godum ellam ettananu ..this is mohanlalwood,Positive
2150,Pokirirajayil ninnum nala story ulla padamaanu ennu thonnunu.,Positive
2151, Search cheithit trailer kittunnilla inna kittiyathe,Neutral
2152,Ellavrum head set upayogichu kelk,Positive
2153, Trailer Releasinu munne 6k dislike itta ella punnara malarukalkum nadu viral namaskaram.... Chettakale,Negative
2154, Lastilathe punch kaanan mathram veendum vannavarundel chummathonnu njekkiyechum poike,Positive
2155, japan ne kali aakan maathram nammal aayitilla suraj ettaa :/,Neutral
2156, Prithwiraj pwoli iniyum prithwirajinte ithupolathe adipoli mass padangal irangatte,Positive
2157,50 cr manakkunnu....kerum urapp ullavar like adi....,Neutral
2158, padam kanditt ivida vannavar aarokke ??,Neutral
2159, Trailer igananekiiii padam eganarikumennn onnalochich nokiyyeeee Romanchammm varunnnuuu Maranamass ettan,Positive
2160,Ayyo ente Idivett Sugunan evde??,Neutral
2161, Ennem koode kootumooo nannayi abhinayikkam,Neutral
2162,Itha pattacharayam pidikan varunnu.. Avan Madhura raja.. pazheya Gund kadha thanne scene mariyapol inganoke ayi,Negative
2163, ande ponno kili poi trailer kanditt,Positive
2164,Ha.. Ha..  Ha...  Anghane adhum hudaaa huva,Negative
2165, Oru bhanndhavum illatha thani malayalam trailerukale polichichadukkiya trailer.,Positive
2166, MATHUKUTTY XAVIER 🥰 POLIYEEE....ANCHAL SET AAYEEEE,Neutral
2167, Dis like adikkan kure myranmar vannolum,Negative
2168, Lucifer fans hit like ഏട്ടൻ ഇഷ്ടം,Neutral
2169, Ikka ingale nammude chunkane........Love You Ikkkaaa,Positive
2170, Ithinum dislike adikkunnavar enth kanditta enne ariyilla..,Negative
2171, lalettan screen presence 100 percent in trailer. Lalettan politics and actionil thakarkkum ennullavar like adi........,Positive
2172, Lalettan polikkum. Raju ettanum lalattan ishttam marikkunna vare chunk ayi kondu nadakkunum ente lalattan ne,Positive
2173, രോമാഞ്ചം     ഇതാണ്  real megastar ilove mammukka,Positive
2174, Full pulimurugan cast🤩🤩🤩ith polikm muruga nee theerneda,Positive
2175,Lucifer trailer pottikan ayo nammude mamangm,Neutral
2176, Trailor kand 8 nilayil pottum enn thonunnu mumbathe pole tholvigal vaari kootan thudangunnu,Negative
2177, Mammukka Yee ishatam ullavar undeggil oru like adichu,Neutral
2178, Aa kannukal mathram mathi a character depth mansilkan laletta.....,Positive
2179, Ente ponnnoooooooooooo oru rekshsyum illaaaaaa....kidu trailer......,Positive
2180, Sambhasham ..entho oru kuzhappam polae ...padam poliyum ennu enikku thonunnu,Negative
2181, Mr. Pritviraj ithaano simple cinema???? Ente romam ippozhum eneettu nilkkuva,Positive
2182, Entammoo... Serikum romancham. Lalettaaa,Positive
2183, Ijadhi Powli Trailer  Mammookka Katta Kiduve  BGM Vere Level,Positive
2184,Ithokka Malayalam cinemayk maathram avakashapedan pattunna cinemakal aan,Positive
2185, Eee trailer 3M+adikoon ullavr evidae like,Neutral
2186, Onnum parayanilla. Vere leval movie ayirikkum,Positive
2187, Padam mosham akanamennu agrahichittavum padam trailer eraghum mumbe,Negative
2188, Jayasuryakum mass movie chakochan ennavo inji,Positive
2189, 1:34 il backil nilkunath prithviraj anennu toniyath eneke matram ano,Neutral
2190, Ennalum ittimanide Chinese link endonnavum 🤔🤔🤔 Arkkengilum ariyamo ??,Neutral
2191, Ithihasa nadanmaril ninnu ithu polathe movies aanu pratheekshikunnathu,Positive
2192, Etu lucifere polichu adukum...... Raja return daa.....,Positive
2193, Vamban hope chaidu vannadellam potti polijatte olle,Negative
2194, Nte ponno oru rakshayum illatta makinggg......polichu....MAMMOOKKAA,Positive
2195,Ente prthvirajee kettipidich oru ummma thannaoteee chakkarereeee,Positive
2196, Mammookkka ningal mwuth aaann,Positive
2197,Still trending #1 inn vaykeet 7 nn ee trending karikku piller edukko  🤩,Neutral
2198, prachitehlan uffff.......................songil kandu kaliyakkiyavarkokke yulla marupadiyayirikkunnu ee trailer,Neutral
2199, 2.k dislikes. Nthonadey nallathine nallath enn parayanam. Kayakulam kochuniye kall Kollam,Negative
2200, Veendu veendum kaanunnavar like adi,Neutral
2201, Njan oru mohanlal fan aanu ennalum trailer istapettu pwoli,Positive
2202, Mammmokhaaa 69 vayyas ayye annetum look entaa ponooo,Positive
2203,Lucifer 100 kodi adikkumennullavar adi like,Neutral
2204,Suraaajjj poli soubikkaaaa we are waiting...,Positive
2205, Ithu verum oru samble vedikkettu.iniyaanu podipaaranapooram.appo churikki paranjaal vishu RAAJAyum RAAJAyude pillerum angukondupokum alla KONDUPOYI,Positive
2206, Pinnem Pinnem Kanuvaaa   Thalaivaaaaaaaaaaaaaaaaaaaaaaaaaaaaaaaaaaa,Positive
2207, Gimitt fans like adi guhan... Fans karayu... Gee gee,Neutral
2208, hooo koritharipp romaanjam ulpullakam entammo adaar trailer,Positive
2209, Traileril Oru kidilan surprise undakum ennu visvasikkunnavar like adii..,Neutral
2210, Prthvinte oru level vech nokkyaa mikkavarum aaa daivathine thattiyath  laletan thanne aaakum,Neutral
2211, Ethonnum mohanlalnu cherilla,Negative
2212,Ipoyum ivde thanne chuttipatti nilkkunnavr undo,Neutral
2213, ഹാങ്ങ്‌ ആയി 462k viewsil  ninn neengunilla,Neutral
2214, Athoru kadaya mone paranj thudangiyaal 10-30 varshathe kada parayendi varum,Neutral
2215, Ikkakkaano! ettanaano!  kooduthal view&like ulle enn nokkaan varunnavar ivde oru lyk idu.... 🤗,Positive
2216, ettan fans ibdee common,Neutral
2217, Uff Mammookka'$ entry BGM Stunning trailer,Positive
2218, Ettan fansinte vaka irikatte oru kuthirapavan ikka muthanu,Positive
2219, Sheriyaya views ano allengil youtube lalettan hang akkiyathano ennu samshyamullarkku like adikkanulla thumbu,Neutral
2220, E masathew 28 enna date  nalathekakan pattuvoooo ..... pattillah allew.....wait chaiyanmm  ..,Positive
2221,Aro oke ee padathinee bhayakkunnu,Neutral
2222,Thamilnadu rajinisir,Positive
2223, Ittichante vaka oru sample hitum koodi,Positive
2224, Ith item kollallo.. variety anu.. sambhavam kidukkum,Positive
2225,Dislike adikaan orupaad lalappan fan vannittund paavangal hahahahah,Negative
2226, Lalettan massaaa verum Mass Alla kolamass lalettan ki jaiiii,Positive
2227,Oru rakshayum illa ikka.. ningal pwolichu..  ith kidukkum,Positive
2228, Ini yandokkee kananam sho yanikku vayyyaaa,Neutral
2229, Bgm uff  narasimham  feel,Positive
2230, Ippozhum #1 trending   Ikka enna summava,Positive
2231, Mamangam...nte ammooo marana massss...trailer....   verum item allaaa.... ith oru onnonnara item anuu....ikkaaaaaaa,Positive
2232, Dislike adicha thanthayilla thayolikal aaranaavo ..murugane theerkkum ennu paranju nadannavar aavum,Negative
2233, Ikka fans come on 🥰🥰🥰 ikka uyir,Positive
2234, Odiyan pottum .. Nayika maju anu.. Laletta vere aram kittiyille,Negative
2235, Kuru pottikkan aarum varanda...ith vere level aan makkale,Negative
2236, Ini aarkkum onnum parayaanillallooo Remember the Name: Laleettan,Positive
2237, Njan matramanoo trailer il prithviraj ne kandanthu. . . .  Kandavar like adiche..,Neutral
2238,Raja Returns  ഇക്ക mass  Trailer ഇഷ്ടപ്പട്ടവർ like adi,Neutral
2239, Mahaa avathaaram piravi edukkan ini 19 naal,Neutral
2240, Idivett sugunan.. 0:14 kandavar adi like.. #ikka daaa,Positive
2241, Kfc chicken vekkaan kayariyappol,Neutral
2242, Kattakk wait cheyyunnavarkk like adikkan ulla stalam.. 🤩,Neutral
2243,rajune kannan vendii veendum trailer kandavar indoo??,Neutral
2244, Njan kandu  Mammooka ithan.. Da dhamu ni tirnnada,Neutral
2245,kolaam.. nala randu thriller aanalo iprashyam orumich irangaan ponath...  nice teaser mammukkaye kanaan pateela. .. DOP and edit,Positive
2246,Entammmooo Ejjathi trailer kandalum kandalum Mathi varatha trailer,Positive
2247, Ithilum mikacha trailer swapnangalil mathram,Positive
2248,Fastest 100 K like is loading......  Stephen nedumbili,Positive
2249, Mammookka look and diolouge uff... Oru rakshayum illa,Positive
2250, 1 day achu 5 million views kooda varla,Neutral
2251, sadha pichaththi mudhal rocket launcher vere und..  rajuvettan enna summava,Positive
2252, Ithu kandappol aarkelum  lalettante jilla tamil filim look manasil vanno?,Neutral
2253, Trailer kandu for sunny leone and mammokka,Positive
2254, Ethra vattam kandu ennu areela,Positive
2255, 17k views - 123k likes is this hacking 🧐,Neutral
2256, Laletta Ie thanne njangake vendiyirunnathe nigale egane kannane njangake ishtam,Positive
2257, Best wishes Kalki ......   Kalki Kalakkatee ........,Positive
2258, Mamangathinte yudham kambani kanan kadakunnathe ollu,Neutral
2259, Sira avan shardichu Pakshe maala kittila  Ini idikkano.  Venda kutta oruttam,Neutral
2260, Dislike adichitt karyamilla makkale ith alu vereya,Positive
2261, Egadhessam... Pulimurugan model thonniyavar അടിക്ക് മോനെ like,Neutral
2262,Ikkayum pillarum strong aaa double strong alla triple strong ikka fans adi like nammude fans power kanichu kodukkanam,Neutral
2263, December 12 inn katta waitingullar like poad,Neutral
2264,vadaaa mass dialogue..mammootty fan aya njan pattunnu...ithu lalettan thakarkumennu...koode vishakite madhura rajayum...,Positive
2265, Padam kanditt trailer Kanan vannavar like adii  narkotic is a dirty business,Neutral
2266, Ini 8 mani vare...clock nooki irikkanm,Neutral
2267, Ikka d e mass Singapore il release undo,Neutral
2268, #trnding 1 എന്ന് കണ്ടു സന്തോഷായി   From an ikka fan  Rajuettn lalleettn  Adarru combo,Positive
2269, unlike adicha ella oolakalum ivide thanne kaananam tta,Negative
2270, Katta waiting  Lalettan  Rajuettan polichu heavy  Entha oru feel,Positive
2271, Fans show unndavummo?,Neutral
2272, Ittichaya aa pothirachi dilogue....... noominu angu bheshayi istaayii...anyway achayan marennu paranjal athu oru bhaagyama....,Positive
2273, Aa oru minute akumbozulla aa bhavam ho,Neutral
2274, Ikka fans ivide onnu ujala mukkiyek,Neutral
2275, E chitram vijaykkum ennu urappullavar Maathram like cheyyu,Neutral
2276,Padam kandittu varunnnavar undooo .... MADHURARAJA oree pwoli   MAMMOKKA PWOLICHUU,Positive
2277, Veruthayayi kashu poyi pratheeshyode arum pokaruthe,Negative
2278, Ente ponno pwoli super raju etta lalettan,Positive
2279, Mammooty  Avasaanathe aa run hentammo.. GOOSEBUMPS...,Positive
2280, Enthokke paranjalum mamookaye vellan aarum illa. Eni aarum varukayumilla...if u agree like.. allenkil karanam comment cheyy...,Neutral
2281, Ichayan pakkaa massdaaa I love tovino,Positive
2282, Dislike adikunavanmaruda oru thandakku vili varavu vechakke,Negative
2283,From a A10 fan.  Trailer masmarikam,Positive
2284, Oru rekshellaaaaa  thakarppan Pwoliii item,Positive
2285, 1.01 prithviraj anenn manasilayavar like adik,Neutral
2286, Teaser double strong ayappo trailer sarikkum triblestring ayi....,Positive
2287, Mamangam oru mamangamaayi thanne kondadum... great,Positive
2288, Hindukkalkku mahiravanan Islamil avane ibilis ennu vilikkum.Christianinkalkkidayil avanu oru nereyulla.LUCIFER!!!,Neutral
2289, Onnil kooduthal like adikunna option undoooo,Positive
2290,Romam chaadi eneettu panchayathu ground vazhi 2 round oodiiii,Positive
2291, Pakka mass..... Ikkka heavy    Bgm pwolich,Positive
2292,Anu sithara:Ikkayude Uncle kandu njan karanju poi. Fans:🤩Poli! Anu sithara:Ikkayude MaduraRaja kandu njan kori tharichu poi. Fans:Ore pwoli!! Anu sithara:Ikkayude Unda k.. Fans:Nirthu.Mindathiriyade...,Neutral
2293, Erangana mumb 285 dislike ejjayi mayrol,Negative
2294, Ravananaya avane nerkkunere nilkkan Oru Maha Avatharam thanne vendi varum #mamangam #mammookka,Neutral
2295, Ithipol matte sambavam kazinja shesham dileeep nu police,Neutral
2296, Trending No . 1. Varanam jayettan daaaaaaaaaaa,Positive
2297, Padam ettunila pottum ennu urappullavar like..,Negative
2298, Ee sinimayile mandatharam kand pidichavar mass,Neutral
2299, Ippozhum repeat adich kanunnavar ivdey like ikka🥰,Positive
2300, Odiyan release datinte annu oru leave kodukkam working day ayity karyamilla,Negative
2301, Rathriyile duty’um kainj kandavar ethraper like adi,Neutral
2302, madhuraraja and lucifer randum 100cr club urrapayi,Positive
2303, aaa dislike adicha poorimakkalude ammakku mohanlal anu adichu kodukkunnadu tonnunnu,Negative
2304, angane youtube pani thannu...aaro manapoorvam paninjatha...,Neutral
2305, Orika kanda veendum veendum kanan thonnum..,Positive
2306, Valla 200 cr anaganam nirthiya mathiyarnnu,Neutral
2307, kochi karan aya kunjali engane ee bhasha padichu avo :),Neutral
2308, Njan oru lalettan fan alla but ee teaser orupadishtamayi,Positive
2309, ikkaaaaa     jeevannn,Positive
2310, Eppol time 5:50am 2000 view koodi kittiyalll 2million aakum....enthoru pookku...ithu Ella recordum pottikkum,Positive
2311,Njngalk 100 kodi onnum venda nammada ikka thaaa eee nilkunna pola onnu ninna mathiii pinna enth kodi...........,Positive
2312, Teaser kandu pradeekshayokke poyatharnu,Positive
2313, November randam theeyathiyum kaanunnavar like adik,Neutral
2314, Nta daivamme ....Ponnu laletta  ningal muthannu,Positive
2315,Aarkokke ee cinemayil Idivettu Sugunan'e kanan agraham Indo evade like adikku.🤣🤣,Neutral
2316, No raksha mammokka poli ikka fans like here,Neutral
2317, Idhentha Views koodath lle. Madhuraraja okke idhillum speedil eppezho kadann poyi.....,Neutral
2318, Uyir aanu ikka.Lokathile yettavum sundharanaaya muthachan,Positive
2319, 173k views and 173k likes bakki kore mammunni fans 18k,Negative
2320, Trailer undakiyarithi valare mosham ann. Ith kanumbol enik oru feelum vannilla.,Negative
2321, Marana mass lalettan fan aanennu parayumbol abhimaanam..,Positive
2322, Madhura raja oru sadarana padam aaan #twist twist🥰,Neutral
2323, Dislike adikkunnavan mar kandoooo Lalettan puthiya adar item................,Positive
2324, kidu  katta waiting    mamamookkaaaa,Positive
2325, ettante filim pole ikkayude filimum super hit akanam enne agrahikkunnavar like adi,Neutral
2326, Mammookka fans like ivde Adi makkale,Neutral
2327, Dislikes have no roles# 66k likes mathi,Neutral
2328, Black t-shartil iruttinte maravil oro  scenilum  kanunath rajuyettanu,Neutral
2329,Poli...... By  A ikka fan,Positive
2330, Trailer Varumbol Loke Adikan Nilkunavar Evide like eduuu,Neutral
2331, Athra thavana kanditum madip thonunile oru rekshym ile super,Positive
2332, Itupolulla avasarathi ee video ivde idunnate thettano ennariyilla,Neutral
2333, Ee role cheyan Lalettan mathrame pattu!,Positive
2334,2019 sep 22.  ippozhum vannu kanunnavar vannu like adichechum poykko,Neutral
2335, Ee Easter um Vishum njangal angu eduthu..,Positive
2336, Malayam vaikkan ariyatavar hit like here,Neutral
2337,kattaa waiting by a lalettan fan#ikkaa vere level,Positive
2338, Ithra pettenn 12 k likes,Neutral
2339, Kitti njangalak njagade aa pazhaya lalettane thirichu kitti,Positive
2340, Muvattupuzha kaaaar ondo Ee padam shoot cheytat ivadaaanu,Neutral
2341, Nte ponnnoooo enthaaa makkkale immmale ikkkkade aaa oru idh🥰🥰🥰,Positive
2342,Bigbyl Great fathern undaya yamandan item... ith Vaarum kodikal,Positive
2343, FDFS locked ...     Ikka uyir ...,Positive
2344, Water mark onnum ilaatha print illee???,Neutral
2345, ThazheVettoor Government school Varkala ullavar aarenkilum undenkiluu koduuu LIKE adiii,Neutral
2346,Ithu enthaada serial aah? 🤭🤭🤭 pani nirthi podappa 🤣🤣🤣,Negative
2347, Muttamariyans Mammunni Myra raja team omkv,Negative
2348,Adipoli...... cinema ini kanenda karyamillla,Negative
2349, Dq fans unde like adichtt poney,Neutral
2350, TRAILER KIDU,Positive
2351,Varunnath oru kidu item....  A10 teams  stand vidanam,Positive
2352, Trailer  kalaki Pwolichu  madhura raja cenimakku vendi katta waiting,Positive
2353,Raj ettan & mamooka ethu polikum,Positive
2354, Ente ponne oru rekshem illa  kidukkachiiiiiiiiii...  Lalettan Hvy....,Positive
2355, Ente rajuettaa ningl oru jinn aanu,Positive
2356, Kuru potti olikknna 1k poojappura fans🤣🤣🤣,Negative
2357,ikkaude MADHURARAJAKKU  VIJAY FANS KANJIRAPPALLY UDE ELLA AASHAMSAKALUM,Positive
2358, Heavy trailer,Positive
2359, Ithu oru onnonnara movie aaanu mone,Positive
2360,Padam irangi Innum trailer kandu Most trusted trailer Biggest block buster 100 CRORE RAAJA,Positive
2361, 10 ൽ കൂടുതൽ ഈ trailer kandavar ivide varoonjhaan 16 aayi,Positive
2362,Nammude Muvattupuzha mall anennu thonnunnu... Location,Neutral
2363, aadhyamayittanu oru nmalayala sinimayude trailer ithrayum dhivasam trendingil nilkkunnath !,Positive
2364,Ikka polikku numma A10 pilleru kude ondu..,Positive
2365,Eth kandit nere poi pulimurugante trailerum onn kandek 2 ilum enthelum vethyasom undo?,Negative
2366, Video edathe dislike adikkan nanam illeaaaa ninkokkeee,Negative
2367, Virus trailer kande evide vannavare undo,Neutral
2368, Apo athum potti .. aaaa pratheekshayum poyi,Negative
2369, Soubinum Suraj ettanum polichuuuu padam poliiiii  oru family ayittum kannan pattiya nalla padaaammm,Positive
2370, Peranbu Anpoodu  amudhan,Neutral
2371, Ennalum ente Idivettu suguna ninne ithilu kandillalo,Negative
2372, Dislike adicha myrenmark vendi like adi,Negative
2373, Climax scene kandit ithinu oru second part venammenu agrahikunnavark like adikanulla coment.,Neutral
2374, Prithviraj sukumaran  fans come here,Neutral
2375, LALETTAN UYIR  ALL LALETAN BHAKTHANS HIT LIKE HERE,Neutral
2376, Edhu kondu prethiraj neruthiyal Kollam,Positive
2377, 5 minit koodumbo views koodunnundonn nokunnath Nan maathramano,Neutral
2378,Enthayalum Nov 21 nu thanne kananam,Positive
2379,Tovino,Neutral
2380, Rajetta ithreyum pratheekshchillaa.... kidu feel... romaanjam. Ithu pwolikkum,Positive
2381, Kidukkaaachi trailer machoooo ...  Katta waitingggg,Positive
2382,This is interesting.....ikka polikku ikka.....all the best from Lalettan Fans,Positive
2383, Mammooka super nalla trailer prithviraj voice,Positive
2384, Idoru unddaaa padam thanne avum 🤣🤣🤣🤣,Negative
2385, Ufffff..ejaadhiii..lalettann rdjile edjelum oruu svene e jenmam vheyaan patilaa..trailer kandd karayunundaabumm ettan and ettan fanss,Negative
2386, Njan itrayum oru cinemayude trilarin vendi kaathirunnittilla,Positive
2387, 4million views 300k likes Record Breaker Ettan da,Neutral
2388,Film kandittum trailer kandukondirikkunnavar like adi,Neutral
2389, Vineeth aano Vivek oberoi dubbing.,Neutral
2390, Mass entertainment... oru rekshayum illa... pwoli...,Positive
2391, Madhuraraja trailer kandathinu shesham Ivide vannavar Like adi,Neutral
2392, Koothara mass padam.. oru simbha touch,Negative
2393,Yejjathi padam ith polikkum ichayante ingane ulla oru padathinumvendiyan ithuvare kathirunnath....... kalki.... ith polikkkum,Positive
2394, Raja varunath veruthe pokan alla..  Mammookka fans adi like,Neutral
2395,Raksha illa alliya... Ipo njn chatha ente shavathinu chiricha mugamairkum,Positive
2396, Katta waiting for mamangam  Mammookkaaa,Positive
2397, Asif ikka ye screen il kaanan katta waiting..,Positive
2398, Vineeth ettante film aayathukondu super aayirikum urappaaa,Positive
2399, Ikka fans undenghil ente page onn subscribe plz,Neutral
2400, Enta ikka........ningal njangale ingana vismayippikkalle  ...,Positive
2401, Ende ponnoe ejathy trailer kandall ariyam ikka ethu rengill ulla allannennu,Positive
2402, Dec 12 onn akan etra nalay waiting anu,Positive
2403, Mohanlal mamooty fan ullavar adik like,Neutral
2404, Oru rekshayum illa......katta waiting......mathukutty mike kondu maathram alla camera kondum njettichu kalanjirikkunnu,Positive
2405, Mamangam katta waiting... Trailer powlichu ikka oru rakshayum illa,Positive
2406, Raja pillerum irangan pogua ini idiyude adiyude pooramanu .,Neutral
2407, Kolla mass trailer  By lalletan fan,Positive
2408, Poli trailer padam adutta 100 crore,Positive
2409, Tamil film Pizza de oru style,Positive
2410, Polichu ..thakarthu.  More 20 time watch..kattaa waiting,Positive
2411, Cheriya pulli ala avan  Padiche kalana.. Laleatttannnnnnnnnnn....,Neutral
2412, Ithil polikkan pokunneth aah pillera50 more newcomers aahaa,Positive
2413,Malayalam movie ano eth ?  Oru rakshayum illa ?,Positive
2414, laletan ennum anganeya pwolichadakkum athan laletan,Positive
2415, Ennikill Oru 10 like ikkaye istamulvar please,Neutral
2416, mavoist allla movoistinde achan vannaaalum nammal adichodikkumm,Neutral
2417, Odiyan kand ishtappettit trailer nokkan vanna aarenghilum ivade inda ?,Neutral
2418,Second vechu dislike ivane okke samathikkanam ..,Negative
2419,Kidu kidilan trailor. Lalettan rocks  L rocks...,Positive
2420, uff trailer  mamuka mohanlal legends aanu oru tharkavum venda,Positive
2421, Mamankam FDFS arokke indakkum like adichhee,Neutral
2422, Kidu bgm for ikka kidu movie super,Positive
2423, Ittichante vaka oru sample vedikettu koodi,Neutral
2424,Vyshaketta... Oru prayam aya manushyane vacha ningal Troy model idi cheyikunne... Ningalode angeru chodikum... Just kidding.. Item mass,Positive
2425, Adipwoliii Lalettaaa,Positive
2426, Ejjathi ..  Item.... Lalettanum fansum pwolikmmmmm,Positive
2427, Marana mass kettitellu. Eppam kandu.  Prithi & lalettan combo polikuumm,Positive
2428,Etta...... Sherikm super🤝ntha parayuka...  Oru rekshem illa.. Adipoli... Katta wyting,Positive
2429, Mass kolla mass etra vattam kandu enne areyella .,Positive
2430, Katta waiting madura raja mammokka kidu mass,Positive
2431, 69 years old Megastar  Nammude Mammookkaa oreee poli mammookkaa,Positive
2432, entha ....pariya      ikka polochu,Positive
2433, #27 poster Kanda shesham vannavar...... Undoo..?,Neutral
2434,Super Cinema... Really a thriller movie... Kanditt sahikyilla... Sangalpikyaan koodi Vayya anganoru avastha .... Kidilan movie,Positive
2435,Gopi annan  Namichu   Kidukkachi bgm  Kidukki,Positive
2436, Gym Bossin Vidaa... Ittymaaniydde Margam Kali Ini Troll Lokam Bharikkum,Neutral
2437, Ellarum ikka ikkaa...Njan mathram anooo unni chettane mention cheyunnadh...Unni chettante pwoli,Positive
2438, We r waiting 4 stephen nedumumpalli.lalettan rajuvettan combo mooshamaavilla yennariyaam. Trailer polich,Positive
2439, Dislike tarunavanmarku enthe naduviral  namaskaram,Negative
2440, Prayathinde peril ikkaye kaliyakunna ellaa naayinde makkalum nokkada 68 aam vayasil ninde oke thantha vcharichal pattoda ijjathi mass,Negative
2441,Ufff onm prynilla power ikka.... by ettan fan,Positive
2442,madhura rajayude teaser okke kaanumbol eee trailer okke idth kenatilidaan thonaa,Neutral
2443, Mammoka fans and laletan fans Katta waiting,Neutral
2444, Laletta nalla cinemaye language loode illathakkalle njangalkku sada language mathi,Negative
2445,30 minutes more        waiting Ikka's maduraRaja,Positive
2446, YouTube nde kaat poyirikkugayaan.. 1 manikkoor aayi ithuvare YouTube nde hang maariyittilla..🤣🤣,Neutral
2447, enghall oro movieyilum oro makeoverumm realistic aayiii mass kaanikunadhumm kaanumbazhaann lalettane oke eduthh kinattill edaann thonunadhhh..by a lalettan fann,Negative
2448, tovino mass avum ennu urappullavar ivade come on,Positive
2449, lalettante mass kanam vannavar mathram  adiikku  like#latettan poli,Positive
2450,302k likes...yeeeeeee....I will dance....kuuuu...koooo...vineethetan sound vivek oberoi...,Positive
2451, Mamangathinte charithram ariyendavark e linkil keri nokkam.,Neutral
2452, Ittimaniyil... LOVE und.... ACTION  illa....DRAMA und... Movie bore adipikilla..Poi.. Kandu.. Istapetu...,Positive
2453, raja muthalla jeevana  67 vayassilum nthoru  energy  proud to be mammoka  fan,Positive
2454, Evide mamookka yude fans undo undankil like adi,Neutral
2455, arum Sunny Leone kandit ille traileril ?,Neutral
2456, Idhu Telugu movie kalki yde remake anoo,Neutral
2457,dislike  adich madkununindal9 mohanlal fanz,Neutral
2458, Yanthiranil Rejini Annan robot aayi abhinayichu ennal robotinte koode abhinayicha asaadyapradhibha nammude swantham dhamu Aliyan,Positive
2459,Sambavam polichu  Ennu lalettan fanaya oral 🤗,Positive
2460,ikka pulikum verum mass alla marana mass,Positive
2461, Laalinu pakaram vere oru nadan akamayirunnu lal ithepole orupadu   cheyithittundu,Negative
2462, Laletta ingal vere leval annu Waiting #L,Positive
2463,Super .. pazhachi pola tonunu ..  history movie kanamenkil mammoka abinayikanam,Positive
2464,Appo raja inte anniyan prithviraj avide?,Neutral
2465, Lalettan polichu Pani ariyanunna Mon thanna rajuvettan,Positive
2466, Nostalgia valiyoru marketing product aanu,Neutral
2467,Rajamanikyam. Rajathiraja. Pokiriraja. Maduraraja. Manthryraja. 🤔oh mamooka oru rajav thanne?,Neutral
2468, Ethi poy  sec nokki nikkunnavar adi muthe like,Neutral
2469, Ithipo kadha muzhuvan undalo ithilu ? ?,Neutral
2470, Sheriya eattante eathra kali namallu kandittullatha hehe,Neutral
2471, Njan kandthan padm but onum koodi kanan thonun.. Ellrkm koodi onum koodi fans show vach poyalocalicut illor evde,Positive
2472, simha thailvaaaaaaaa ie pravasham double strongalla  triple strong  raja solunathdanda seyuve  seyunate mathram soluve mammmoookkaa polikkum,Positive
2473, Mammukka verum vishayam engneru eth enthonn chyuvanentho prayam koodum thorum glamour koodunundallo daivame,Negative
2474, Ente ponnoo ijjathii marana masss,Positive
2475, Mammooka - rajuettam combo kaanan aaroke kaathirikunund???,Neutral
2476, Nala fan show kk ponavar adi like,Neutral
2477, Trailer erangan 1 manikoorinu munpae  3k dislike...  Nth tholvikal aano ntho..  kanditu vilayiruthu suhurthukalae.,Negative
2478, Oru 18,Neutral
2479, Enna oru feel olla trailer,Positive
2480,Ethra kandittum mathiyakunnilla trailer. Athraykku kidu . Lal sir nte makeover athigambheeram.,Positive
2481, Trailer oru rashilla kili poyi laletta poli anitta,Positive
2482, Kanan pona pooram ini paranju ariyikano,Positive
2483, Innaleyaaane kandath super Padam..... ellarum famlyaaayi poyi kanan super abinayam,Positive
2484,Lucifer pole oru nalla chitha maayi maaratte  . By  lalettan fan,Positive
2485, Trailer kand  romanjam  Vanna ettan  fans like adikn,Positive
2486, ithu tanda mammoty. late aayi vandhalum latest  aayi vanthiduve da,Positive
2487, hoo kolamass item thannee...bgm oru rakshayumillaa,Positive
2488,Film oru raksha illa .... adipwoli,Positive
2489,20k dislike adichavan okke ethu guhayil irikkuvano entho,Negative
2490,Ijjathi item Mammookka ningalk vayass 68 thanneyano,Positive
2491, Mammukka oru rakshayumilla. Mammukka mass ....,Positive
2492, Trailer adipoli anne paranjal pora vere levala,Positive
2493,Adikkaadaaa makkalleee laleettan fans like,Neutral
2494, Iyaalkkokke cinema nirthi DQ nte makkale nokki veettil irunnoode..?,Negative
2495, Oru pucca classical ikka padam...vadakka veergatha orma vannu.  ...,Positive
2496, Wow ikka Oru rakshayum illa,Positive
2497, EyyaLu Nthu Manushana Oru Rakshayum Ella Kidu,Positive
2498, Epo madhura Raja trailer kande ollu ethu kandappo tharichu poyi. Ettan effect,Positive
2499, MAMMOOKA FANSINTE ELLA VIDHA ASHAMSAKALUM NERUNNU...,Positive
2500, Direction maarakam prituiraaj nee tanne cheytathaano atho ariyunnavare kondu cheyyichathaano aaraayaalum massayittundu Well job man,Positive
2501, 38000000 viewrs oh my goddddddddddddddddd  megastar the gr8,Positive
2502,ഇത് വേറെ level annallo machanmare...,Positive
2503, Lalettan prithvi combo .... =മരണമാസ്,Positive
2504, Trailer kaanum mumb like adichath aaroke???,Neutral
2505, ഇവാൻ  spycho aaadaaa    Ente epono ijathi,Positive
2506, Ente ponno rajuvetta namichu lalettan is back,Positive
2507, 369 dislike myrol ikka uyir haters myr,Negative
2508, Nala movie aayirunu..ottum flexible alaatha lalettann edhin onum patilaa..meesha pirii role thanaal ok,Negative
2509, 1.34 min ahh focusout aay nikanath rajuvettan aano,Neutral
2510, Ndh kadippada 13k dislike adichavark.. Nallath kanda nallathenne parayanm.... Atra chorinnindanki valla mullu murikinm ker myrole,Positive
2511, Thelunku nadan ..bhaala krishnayeyum... Thal nadan vijaya kaandhineyum ..naanipichu...mammuunny...,Negative
2512,Kidu trailer... padam super aarikum ennadhil oru samshayom illa..all the best team HELEN,Positive
2513,Evideo oru Hollywood story varunnilleee. Oru DBT.,Positive
2514,Padakkam loading. Ingerkku ithu pathivaanalle. Oru hit padam eduthaal pinne moonu naalu chavarukal edukkum. Eg: Drama,Negative
2515, Ee padam  mammootyiku  kodukanam  ithilum adipoli ayirikkum    Pakshe  ivide mandatharam sambavichu  kashttamayipoyi,Negative
2516, Ente mammooka ninghale mass alla  Marana massum alla  Pakshe ninghal kolamass aanu ikka,Positive
2517, 100 crore Box office gross collection നേടിയതറിഞ്ഞു വന്നവർ ഉണ്ടോ,Positive
2518, Undayude trailer june 20 shesham kanunnavrundo,Neutral
2519, 6.7k dislikes adichaa ooolanmarellam angott maaarininnnu mongikko,Negative
2520, Dislike adiche  jimitttan fans n,Negative
2521, Kolakolli enoke paranjaa ithaanu.. Repeat mode ini on thanne aayirikkum...,Positive
2522, Pokiri Raja nte athra odulaa ee chithram eniku thonunnu....,Negative
2523, 1:01 aaa shadow prithviraj alle? 🤔🤔🤔,Neutral
2524, Views ethrayaayenn 5,Neutral
2525, Waiting 4 madhuraraja..Mammookka Sunnychechi Jai Salimettan etc..elarum pwolikum.All the bst madhuraraja  team.,Positive
2526, Nale odiyan kanan pokunnavar like adi makkale,Neutral
2527, Its wanaah great¥€¥ polichu laalettan chankanu chankidippanu lalettaan,Positive
2528, Mammuka Massan parayunavar like cheyyuga,Neutral
2529, Usha udup paadiya lucifer anthem ethanu? Padathil kandilallo.. Arkenkilum ariyo..?,Neutral
2530, Njan mathram aanoo comments vaayikkan viindum trailer edukkunnee,Neutral
2531, Eeeswara njn mAthraano edakedak vann nokane,Neutral
2532, Atom bomb,Negative
2533, 0:42 big b aane enne thonne pooye,Neutral
2534, Njan mathramano e trailer onnil adhikam thavana kandath,Positive
2535, MAjajajJAjJajajJA scene... neee superstarrrr anu!  - Timothy,Neutral
2536, Katta ikka fan aahnu anaalum A10nte padavum A10neyum ishttam Katta waiting for ittimaani first day first show,Positive
2537, Pandam kandathinju shesham vanavar ethra perund pwli padam uff,Positive
2538, 30 minute 34 k views padam poorikum,Positive
2539,29 k Mammunni fans trailor Kandu....!,Negative
2540,Ikka Oru reskhem illatha trailer. Katta ikka fans . Like adich pwolik!!!,Positive
2541, Trailer vere level Anu makkale🤩🤩Mammookka uyir...   mamangam_november 21,Positive
2542, ith kandappo pulimurugan ormavannavar like adi,Neutral
2543, headset vechu kandunokk oru onnantharam kidilolski,Positive
2544, Raja tittle ulla mamootty cinemakalellam super aanu 100%,Positive
2545, 131k   8k.    View 17k  🤔🤔🤔,Neutral
2546,Raju Ettan powli BOX tharathu,Positive
2547,ith pwolikkum enn urappullavar adi like,Positive
2548, Mammookka fans ente channel onnu nokkeechu poone. Veruthe aakillaaa,Neutral
2549, Annum inum ee manilla natturajavuu lalettan matram ettan ishtam,Positive
2550, 1st show  njaan ang edukkuvaaa,Positive
2551, best actor movie orma vannavarundo ivide ???,Neutral
2552, 190k views 195k like poli thanne YouTube ilum tallu tudangiyiale,Neutral
2553, Idhinde teasern verum 50k like ullu,Neutral
2554,Supr team mammookka from team ettan,Neutral
2555, Happy birthday mammokka  Trailer kidu padam thakarkkum,Positive
2556, Poojapura mohanan fans moonchi. ഇക്ക പൊളി,Negative
2557,Enikku onnum manasilayikkilla..... Filim kandal enthengilum thiriyo aavoo..,Neutral
2558, Anthamaaya thaara aaradana aaswadana nilavara thakarchayude soochanayanu. Cinemaye swathanthravum kalaaparavumayi veekshikunna oru yuva janathayeyanu malayala cinemak aavashyam,Negative
2559, Lallikkka polich eee...kanditum kandittum kodhitheerunnnillla...ante vismayameeee,Positive
2560,ee vaga items okke kandu maduthade....oru maatavumilla.,Negative
2561, Adi poli ini relees aayal mathi,Positive
2562,Kodutha pani tirichu annakkil kittunnath kando,Negative
2563, Ithe kandirikkum enn ullvar like itte pokko 🤨,Positive
2564,tovino machan rahul Gandhi aayi thonniyavarundo like,Neutral
2565, Mattoru china town aavathirunnal mathiyayrunnu.. nalla ooola trailer,Negative
2566, Oru 10 pravishyM kandu ttaa rashidheee Chayim kadim marakkanda,Neutral
2567,Tovino chettan fans ille,Neutral
2568, Ho aaa BGM. Mammookka ithu oru pwoli pwolikkum,Positive
2569,Mammokka fan ayathil njan abhimanam kollunnu polichadukki trailor eni theataril kanam,Positive
2570, Vellimoonga pole oru padam aanen thonunn.... polikkum,Positive
2571, Ekka yude strong character .enn abhiprayam ullavar like adiii,Neutral
2572, Dislike  Adicha Mammookka Fans  Njagade #ettante varav KaneKulirke Kandota...........................,Negative
2573, Mamangam Release date mattiyo ???  Wikipedia  il December 12 ??????,Neutral
2574, Entha trailer oru rakshayum illa kidu item,Positive
2575, Dislike adicha oombanmaarude shraddhakku....  Kittiya collectionum kondu oodikko  Chekuthan ninte ettane eduthittu oookkunnund  Adyam avante kunna vayileduthu ethane rakshikk,Negative
2576,Mara paazhu mega mairananil ninnum ethil koodutal pratheeshikaruthu   1980 kalile rajanikanthinu padikkunnu verum chavaru mairan....,Negative
2577, ethra thavana kandaalum veeryam koodunna kolakolli item,Positive
2578, Action  scene itra manoharamai chaiyyan unniyettane kazhinje ollu bakki ellarum.......chettante carrier best aayirikkum ChandrothPanickar enna kadhapatram...waiting,Positive
2579, Ithentha big b remakeoo Ennayaalum maassssss item annn mammuka vere level,Positive
2580,Trailerinayi ravile 11 mani muthal ivde kuthiyirikkunnavarundo,Neutral
2581, Eee muvie supperb aavumnnu urappullavar like hear,Positive
2582, L U C I F E R,Neutral
2583, njanaru..malapuram karana..ivde arum ingane sasarikarilla..mapila aya ingane sasarikavoo ennu priya darshanodu ara paranjadu...🤣,Neutral
2584,Panangad karu und engil like adikuuu,Neutral
2585,WOOOOOW  Mathi  Ithumathi  mammookkaa,Positive
2586, Dislikes adikan vendi mathram koree naarikal... Adiyeda adi... Ninneyokke thookki adikkaa tta,Negative
2587, Last Title Bgm Kola Masss..,Positive
2588, Angane Malayalathinu puthiya our director koode kitti,Neutral
2589, Trailer kanditt pokathe like button adichitt pokane,Neutral
2590, Prithviraj aanu new character ennu arinjathinu shesham trailer kaanaan vannavar undo? Enkkil like here,Neutral
2591, Entammoooooooo..enikku kanan vayyaye.....ente ettaaaaaaaaaaaaaaa...........onnum parayan thonnunilla.....njan sthabhichu poyiiii.........,Positive
2592, Eppam samayam 1:20 am 4million views 2:30 am akumbozhelum akumo(saudi time),Neutral
2593, Polichu  Pakka Oru Telugu Thriller Movie Pole Und.. Enthayalum Lucifer Theater Polichadukkam...,Positive
2594,Qureshi enn Peru kettvar etra perund?,Neutral
2595, Ith polikkum,Positive
2596, Ee onam ettante pillerk ullatha ettante kude ee aniyan marrum kanumenn parajekk,Positive
2597,Njammuke ikkade MadhuraRajayude Trailarinaayi wait cheyyunnavar undenkil adicho ivide oru like,Neutral
2598,Trailer nannayutu untu valthukkal mokanlol Sir and fans,Positive
2599, Trailer kanan vanna katta Lalettan fans undel like adikku machanmare.....,Neutral
2600, Ithupole ishtappettittilla mattorale en Happy birthday pinnokka,Positive
2601,Padam polikum,Positive
2602,Mammokka fans like button adich tholakk makkale,Neutral
2603,Njn 6 vettam kandu.. Kandittum kandittum romancham maarunnilla,Positive
2604, oru rkshem illa makkale manikyam aayitulla angathin orungikko,Positive
2605, Last oottam kanddo makkale onnum parayaan illa aaa face lle mattam anergy uff powlikkum ikkaaa,Positive
2606, Ikkaa...  nigalu mass aanu...  pinnem pinnem irunna kanan thonnuvaa....,Positive
2607, Romanjification enta ponnikka nigal vere leval Aanu...,Positive
2608, ethukandalariyam e padam padakkam pole pottum,Negative
2609, Dislike adicha guhanolikalkk...നടു വിരൽ നമസ്കാരം,Negative
2610, Nta ummoo oru rakshayum illa pwolich,Positive
2611, Teluguvilum tamililum dub cheyth irakando athine Patti news onnum ketillalo,Neutral
2612, Asif aliye kaanathe poyadh njan mathrm anno???,Neutral
2613, Ipolum trailer kanan vannavar like adikk,Neutral
2614, Oru vattam kandittum veendum kanan vannavar like adikke...,Positive
2615, Ippol thanne ethra pravashyam Kandu ennu enikkariyilla,Positive
2616, Movie kanditt evide vannavar like,Neutral
2617, Repeat adichu kanunnavar  ivide like അടിച്ചേ..,Neutral
2618, Aaadai film orma vannavar ivide camon,Neutral
2619, Trailer pwoli ............... .25,Positive
2620, Jayasuriya Vijaya Babu Combination After Aadu Movie.,Positive
2621,Ikka fan aa but first day thanne odiyan kanum,Positive
2622,priya dharshante vijaram muslimsinte slag eppolum inganeyanna....endhu dialoga boru aanu dialogue shaili mattuga...,Negative
2623, entammo english trailer kaanunna feel.. ith polikkum,Positive
2624, Laletttaaan fans adichu potikda like button,Neutral
2625, Ini vendathu oru 100kodiyanu... athu ithiloode kittatte,Positive
2626, After pokkiri raja prithviraj and ikka has just arrived. Pinna entho nokkana adikada prithvi ikka fans like,Neutral
2627, Mammookka fans inu like adikkan ulla comment,Neutral
2628, Lucifer mass dialogues Ellam onnu comment cheyammo,Neutral
2629, Ente ichayooo....  Athre parayunnulluuu.... Ennu manasil karuthiyavar hit like here.....,Neutral
2630, machaa.......aa BGM ente manasill angottu keri polipolikukayaanu,Positive
2631,TvM massive thirichuvaravanalo,Negative
2632, eee prayathilum ennaaa look ekka keee,Positive
2633, 10 _ 30  poora..readkm 10_ 60 allleeee...,Neutral
2634, Enta ikka polichu   Kidu item  Ethu polikkum,Positive
2635, teaser kandappol katta valippanu ennu thonni,Positive
2636, Diriection mosamanu ennoru thonnal.. oru feel varunnilla,Negative
2637, Mass +class = #lalettan Nalla katta kidu look...,Positive
2638, Padam motham twistukal aayirikkumennathil samshayamilla,Positive
2639, Ee cinema kand kazhinj..... ithinte second part aagrahikunavar like and comment,Neutral
2640, Malayala cinemakke oru pudiya yuva nadanekkoode kittaan pookunnu.  Waiting,Positive
2641, Padam kand hype adich trailer kanan vannavar like adichey nokkattey,Neutral
2642, Madhura raja kku wait cheytha lucifer fans like adi...,Neutral
2643, Next Week china povan irikkana njan ithu kandeche njan povathullu,Positive
2644,Ayyo dharidhryam.avideyum undada lallettan prescence.qureshi.qureshi abraham.lucifer,Neutral
2645,17k views 122k likes 12k dislikes  #How is it possible..🤔,Neutral
2646, Lalettante adutha pottapadam...Laletta ithokke mathiyakkan aayinnu ...Please,Negative
2647, Dislike അടിച്ചു കുരു pottikkunnavarkk kurupottalaathi kodukkapedum    തള്ള് മൂപ്പൻ,Negative
2648, 0:43 muvattupuzha grand centre mall alle?? Muvattupuzha kaar indo ivude?,Neutral
2649, Ente laletta onnum parayanilla ningal mass anu..  ningale pole ningale ullu,Positive
2650,സണ്ണി chechy fanz adich polikk...,Neutral
2651, Indian cinimayil mamankathe vellan anoruttan Vere janikanam,Positive
2652,Mammookkka s just vere level broo,Positive
2653, Katta waiting  adi macha like,Neutral
2654, Oru saada nalla naatin purathe kada..athre ullu...aenike ishtta pettu.,Positive
2655,E trailernu dislike adikkunnavanmaarudae aa manassundalllo....oh.... Namikkaathae vayya,Negative
2656, Prithviraj Fans Like Adikkan ulla Comment,Neutral
2657,Madhuraraja trailer ishtapetta lalettan fans onn like adiche,Neutral
2658, Surajettante voice oru podik koodi aged avannu,Negative
2659, Lucifer num katta support  Eni Madura raja kkum katta support  Thalapathy lovers Kerala,Positive
2660, Appo booking eppalannu start aavane 🤩🤩🤩🤩,Positive
2661, Padam kandu vannavare adi like,Neutral
2662, Dislike adikkan thanthaku munp undayavanmar vannallo,Negative
2663, Suraj ettan fans fans like ivide,Positive
2664, dhe ithayrunnu njangalkku vendathu <3 rajuvetta thank you so much <3 lalettan <3,Positive
2665,Trailer polinu paryavur like adi,Neutral
2666, Views hang aayallo 462k thanne nikkuvw,Neutral
2667,Ithu kandappo oru vellimoonga style thonniyathu enikk mathram aano.... ithonnu kandu nokku,Positive
2668, Ikka fan alla ennalum ith ikkade etavum valiya blockbuster avate Ennan agraham,Positive
2669, Powlichu. Njan ipo 25 pravisham kandu. Laletta adipoli. Katta waiting,Positive
2670, Malayala cinemaye Indian film industry il uyarthiya mass thriller 'Lucifer',Positive
2671, Ividippo Malayalikal kuravanallo  #Lalettan #Prithviraj #Lucifer,Neutral
2672,Adipoli teaser onnu parayan illa,Positive
2673, 2/5/2019_ samayam : 7:24pm aarokke kaanunnu trailer..,Neutral
2674,Mammukka fans  Suriya fans  Vijay fans like adikk ivide,Neutral
2675, Jayasurya chettan mass lookaaa pakka mass don,Positive
2676, Near to 1M Keri pwolikken ikka boyz,Neutral
2677, Ee quliti anu Malayalam filims vadathu,Neutral
2678,Mammooka ninghal mass aa pwoli item,Positive
2679, D0P POLIYANE . CASTINGUM POLIYANE . LOCATIONSUM POLIYANE.,Positive
2680, Pwlichh adukki. ...mass trailer. ....vere levell padamayirikkum. .....katta support from an ikka fan,Positive
2681,Sunny leone kaanan veendi vannavar like adikkuu,Neutral
2682, 160k like avanam ennullavar like adi,Neutral
2683, Lalettan & Ikka Ki Jaiii....... Frdzzz... Fishing Videos or Tech. Thalparyam ullavar nammude chanel sandharshikuka...,Neutral
2684,2019 peranbil thudangi maamankathil ethi nikkunnu veshapakarchayude thamburaan. MAMMOOTTY,Positive
2685, Eth 300 cr. Ethanam ennullavar like adikk,Neutral
2686,23 k  unlike   hehe   idum  kanji  tanne,Negative
2687, Ee padathien ethra Kali aaiiyalum mammuni enn parayunna nadante oru padathinum ithinte collection record thakarkan pattitila...nthin pakuthi polum ilaaa,Negative
2688, Dislike adichavanmar kku vere pani onnun ille avvo,Neutral
2689, Ambo... marakam ikka polichu by katta lalettan fan,Positive
2690, Padam kidu mooneee kaanan marakkalle ethupole padam kandillegill you is bad man,Positive
2691, Enakke trailer ishtappettilla   Enikke toonnunnath ee padam pottum ennaan           Only personal opinion,Negative
2692, Kidilan....... Lalettan  pritvi,Positive
2693, Koreye naalayi adi padam kandit..,Neutral
2694, Enter perilum oru film..athum njn Canadel,Neutral
2695, iyalith verthe parayuvaan puthumukha samvidhayakan aanenn,Positive
2696,Padathin hipe koottan trailer irakki ulla hippum koodi kondupoyi kalanju enn kettapol ithrayum pratheekshichilla,Neutral
2697,peru ketapol e unda pottum ennaanu karuthiyath. but unda load aayappol alle manasilaayath.... e unda pottilla,Positive
2698,H b d mammokkka.... Best actor ooormavannavar ndoo.....,Positive
2699,pandu mamangam nadannirunna nila nadiyude terrathulla nattukkar undo lyke adichu powlikku,Neutral
2700, Ningal mohanlal fan annel like adiku...,Neutral
2701, Ee trailer il devane kandavar ivide like,Neutral
2702, kanunnathin  anusarich veendum veendum kanan thonnunu,Positive
2703, Padam hit laleetan fans like adi,Positive
2704, Ithann njangal kaathirunna vintage ettan  love you etta,Positive
2705, Ndaapooo ndayee.....inendaa vishuaa....ara ewde padakam pottichee....  uff romanjam_ahangaaram#ikka,Neutral
2706, Eee cheenja slr thokk vech aana ivar pokune,Neutral
2707, Ee padam vijayikummennu orruppullavar adi oru like,Positive
2708,Malayalam cinema technical aayi orupaad uyarattee. Valiya budget quality films iniyum ithe pole undavatte.,Positive
2709, Ayyeee Lucifer Oru political movie athine copy adichu madura raja Ee cinema director COPY SUNDAR  aano🤭,Negative
2710,Prithvi yude memories um Ekka yude big b yum orimich kalicha poale,Positive
2711, Pwoli padam Vijay Sreenivasin vijayashamsagal nerunnu,Positive
2712,Innu pokum lucifer kaanan katta thrill aanu,Positive
2713, Pothirachi oru 4 kilo aanu 2 alla,Neutral
2714,Padam heavy.padam kandathinu Shesham trailer kanan vannavar,Positive
2715, Visvasichu kudea varunnavare jeevan koduthum samrakshikkum,Neutral
2716,Rajuetan direction kidilanavumenn ee trailer kandal urappikkam.. oru rakshayumilla,Positive
2717,Aganee youtubeinte karyathil oruu tirumanam ayyi,Neutral
2718, Superb trailer from lalettan fan ....ikka polichu,Positive
2719, Youtube adichu poi makkale.. Raja vannu......,Positive
2720, Vannu vannu avan vannuIkka love yuu,Positive
2721, Dialog  bora ettan .saatha dilogu matre pattu .dileep .mammoka  dilogu suppera,Negative
2722, Oru kidukaachi entertainer aakumennu vishwasam....lalettan polichu...,Positive
2723, Raja de randam varavini kodi kayaran ini kurach manikoorukal mathram.....idikatta waiting,Positive
2724, Madhuraraj teaser kidu Lucifer kandittu venam feedback tharannnnn vegam kothupikkathe iduvvo,Positive
2725,407 dislike haaa oka mumuty fans ayerikyum kastam,Negative
2726,Ente  ponnu annaa oru rekshayum ellaaa....katta waiting...,Positive
2727, Keralathinu purathu ninnulla anyaphashakar adi like,Neutral
2728,Churikayum chuzhati oru varavund massennonnum paranjaal pora maranamass      ikkaaaa,Positive
2729,Lalettan paranjal kanathe pattume   Lalettan ishtam,Neutral
2730, Lalettan fan but aa lastle chadeet oru pedayille polichuuu,Positive
2731, Ittymani fansin pokunnavar ivde like chey,Neutral
2732, Madhura Raja Theme 8D Bgm  and share A katta mammuqa fann..,Neutral
2733, Kidu trailer  by katta mammooka fan,Positive
2734,Exam kazhiyatte makkale... enikkum onnu armandukkanam..oh..,Positive
2735, mammutty guest role aanenn thonunnu piller pwolichu 🤘🤘,Neutral
2736, Ndhaa ipo indaaye? Ndhokeyaa kande?? Malayalam padam thanne aano idh.ejjadhi trailler,Positive
2737,ethra thavana kandu ennu comment cheyyumoo,Neutral
2738, Loocheeperinte kalem ethi mekkale ellarun meri nikk,Negative
2739, Nte ponnnikkkka ingal njgal fansin oru oyivum tharillley,Positive
2740, Pullu,Neutral
2741, Lokal poyi Madhura raja teaser kanada,Negative
2742, Athiradi mass aaan ippol thonuva chilarude realease onnum mattandayirunnu enn oru olathin,Positive
2743, adipoli trailer . waiting madura raja,Positive
2744, Cinema pottiyathinnu shaesham kanunavar like adichae,Neutral
2745, 4 M views aayonne nokkaan vannavar undo???? 🤔,Neutral
2746, Alla pokri rajyil sidekinety Kai vettuley,Neutral
2747,Surajettan sound modulation kurach koodi nannakamayirunnu,Negative
2748, Sathyathil abhinandanagal ariyikkendathu Prithvirajinanu. Thakarthu kalanjallo muthu,Positive
2749, Ambooo  Ettan kidu acting  Raju Ettan poli making,Positive
2750, eth 14k alavalathikal aanu dislike adichath,Negative
2751, Ennalum ee tamilanmark ntha ithil karyam,Neutral
2752,ejjadhi oola padam immathiri oola padam jeevidhathil kandittilla my rating 0.5/5,Negative
2753, Ohhh ikkaaaa Enthane nigaleee mass kanichu kolluvo..... Love U And Katta waiting..... PDFs orapichuuu,Positive
2754, Onnum parayan illa laletta u trigger again ...,Positive
2755, Memories + D16 + Great Father + Ganster :P,Neutral
2756, Mamookayude padamaayalum lalettan te padamaanenkilum itoru malayalam padamaanu athorkanam nammaku Ella industrikaleyum vettichu nammade Malayalam industriye unnatangalil ethikanam,Positive
2757, Trailer ishtapettavarkku ivide vannu like adichittu pokam,Positive
2758,KATTA  ETTAN FANS CANT SCROLL WITHOUT LIKING AND SUBSCRIBING THIS POST  AND ME,Neutral
2759, Ella Lalettan chunkum oru like adikoo ivide.....pinne ee chanelum onnu subscribe cheyoo,Neutral
2760, Innale rathri 10manikk nokiyappol 200k views ippoyathaa 2m views... Trailer Pwolichu... Lalettan-Prithvi Combo  Padam 150+cr nedumennurappullavar like adiii,Positive
2761,Suragaattadaa kidu luck   .   Qatar biggest shopping mall  watch my chanall,Positive
2762, L2  EMPURAN LOADING SOON..KALLI THEERNILLA MAKKALLE .,Positive
2763, Mass trailer kidu bgm ikka thakarthu.,Positive
2764,Poli trailer. Kidu onnum parayan illa. I am waiting.. mamangam,Positive
2765,Mammootty fieldoutaayi ennu rodhikkunna fans ee trailor kandittu vaayil viralitottirikkayaaanu,Negative
2766, ippo mansilai e padam 8 nilayil pottum,Negative
2767, bgm kollam greater father ila villianila poola,Positive
2768, Oru rakshayumilla.repeated mode on... Njan kandathil vech ettavum best trailer,Positive
2769, Fan show tikket kayyil kittiyavar like it,Neutral
2770, Trailer kandittu dquntea Instagram  post kandappo ..dqi vayazyapolea thonnanu ..mammukkaaa🥰🥰🥰🥰,Neutral
2771, Ettavum kooduthal like kittiya comment akkanam ithu,Neutral
2772, Inganathe oru padathin vendi aayirunnu kaathiripp...avanteyokke.. friendshipum..romanceum...chaliyum..masalayum.. kand maduth,Positive
2773, Ee maha Ravanane Anganyonum othukan patilla Sideeqe,Neutral
2774, Njanetha parayendath......... Onnum parayaanilaaaaaaa..... Laaaaalettttttttttaaaaaaaaaa.......ummmmmm aaaaaa,Positive
2775, Nta ponnu ikkaaee manushyanu age onnum oru preshnavum alaa,Positive
2776, Veendum slow motion kanichu alukale vadiyakkan ethittundu,Negative
2777, super filim thanks rajuvetta lalettan thakarthu,Positive
2778, pirates of caribian Alle etu atanta angana,Neutral
2779, ikkaaa vere leval anuu ....  i m waitingg for madhura raja,Positive
2780, Movie kandathine shesham vannavarundengii adiyada oru Madura like,Neutral
2781,Pls watch Mammokka,Neutral
2782, Ith  ndh manushiyana ith mass anno kollamass anno atho vere ndhelum anno romanjam pongunnu ambho,Positive
2783, ഇജ്ജാതി bgm. Vere level. Pwlichuu. Thakarthy. Mammookkka.,Positive
2784, Janapriya Nayakante Pakka Family Entertainer Superb Trailer,Positive
2785,Mammookka pilker undo evide ....adikkadaaa like,Neutral
2786,Traileril ninu thanne manassilayi aval evideya ullathennu,Neutral
2787,1:11 a simple loook enna poweraaa!!!!,Positive
2788,Mass enn paranjal pora... Marana mass,Positive
2789,Do panjavarna tatha kandu karajhatha vendum karayipiko ?,Neutral
2790, Newer comment kanan vannavar like chey,Neutral
2791, oru rakshayillaaaaaaaaaaa . mass nte extreme,Positive
2792, Ithu kalakum illengil cinima kanunath nirutum,Positive
2793, Mammooka fans vedipooram .. vanne .. Adi like makkale,Neutral
2794, 17 k views 118 k like ??,Neutral
2795, Theaterukal origiko June 16 house full perumazayayirikum,Positive
2796, Ariyaalo she is vare lavl  katta waiting ikkka,Neutral
2797, Trailer Valare ishtai,Positive
2798, mammukka fanzz  ividea vannu like Adikkdaa,Positive
2799, Ini Angam Mamukkayum Lalettanum Thamilalla... Mollywoodum Mattu Film industry um thamillanu.,Neutral
2800, edakku vannu kanukayum viewsum nokkunnathum arokke mammookka,Positive
2801,Ningalk enthenkilum urjam tharunundo aa bgm.undenkil adi like,Neutral
2802,Ethine velluna oru cinema inni oru 5-6 varshatheku iranigila heaviest of heaviest   Bramandamass  Ennu urapullavar like adikuka,Positive
2803, Oru prethikshayillarnu madhuraja but parayathirikan vayya visuals vere lvl,Positive
2804, Costumes Irshad khan Cherukunnuijj Poli mutheeee,Positive
2805,Kandittum kandittum mathi varunnillaalo ee sangathi,Positive
2806, Late ayappo excitment koodyavar like adi,Neutral
2807, Mohanlal fans nu like addekannulla sthallam,Neutral
2808, Ith joyettan mass aaya item aanalo,Positive
2809, ENTE PONNO ORU RAKSHAYUM ILLA KIDU BGM,Positive
2810, ഒടിയൻ polee avilllaa urapppa     lalettaaa pwolich onnum parayanillaa,Positive
2811, Friendship day k oru cake vangi koduk...🤣🤣,Neutral
2812,aaa dislike adikkunnavanmar verarumalla complete actorinte sperm,Negative
2813,Maass.trailer ennu paranja ithaanU makkale.....katta waitinG for #Lucifer,Positive
2814, trailer verunnathinu munpu dislike cheythavarkkum ikka hatersintem nenju thulakkunna unda  ayirikkum eee film ennu urapp ollavar adi like,Neutral
2815, NJANUM ENTTE KALI KARUM VERUM STRONG ELA TRIPPIL STRONG.     IKKA FANS LIKE ADIK 2..3STRONG IKKA,Neutral
2816, Arenkilum oru karayam sredhicho narasimham film ile bgm  puthiya rupathilakki,Neutral
2817,Pirates of Caribbean njammalum kandkknun parayan paranju!,Neutral
2818,katta ikka fansinte fb page anu support,Neutral
2819,Oo ikkkaa polichu enikk uraappaa 100cr ethavum maasssyaaa trailer oru raksyumillaaa ikkaa,Positive
2820, YouTube vare hang aaki ikkede piller,Positive
2821, Sound athu screenil kanam  lalettan polikkum,Positive
2822, Muppathil kooduthal thavana kanda njanalle sherikkum mess,Positive
2823, Ithu oru onnonnara item anu makane ee........Mass alla athukkum meleee.....,Positive
2824, 6 mani aayillenkil polum ippozhe wait cheyyunna katta ettan fans like adichittu poo,Neutral
2825, Rajayum pillerum stronga fourble strong waiting madhuraraja,Positive
2826, NEXT MASS HIT OF LALETTAN...MARANA MASS HIT,Positive
2827, Ente ponneda uvv ee,Positive
2828, Tovino Thomas katta fans  Like adiii..,Neutral
2829, itrem nalum  kathu 6 manikkoor koode kakkam,Positive
2830, vijaricha Pola allallo kidu analla,Positive
2831,മമ്മൂക്ക Birthday  Ethrem neram nokki ninnu.,Neutral
2832,Ee Vishnu  Stephan nedumpally kondupokum athinu oru samashavum Venda,Positive
2833, Vivek oberoi best villan powli 🤩🤩🤩,Positive
2834, copy annan,Negative
2835, Edakku oru hollywood movie scene keri vanna pole ennikk mathramano thonniyath....?,Neutral
2836, LALETTAN fan Anu  ennalum  IKKA  NiNGAL  vere LEVEL,Positive
2837,Ippam mazha kalamayond mannira nallanam kuthikunund  tovino ippam velland kuthikunnu,Neutral
2838,4M      Views 224K   Likes 32K   Comments  Mamangam Mammookka,Neutral
2839, Ettante katta fans oke Onnu like adiche,Neutral
2840, Itu kandappo roomancham vannavar like adi,Neutral
2841, ente channel onnu subscribe chayyammo,Neutral
2842, Trailer kandu raja polichu oru rakshayum illa,Positive
2843,Padam polikkum nnu manasilakiyavar like adi,Neutral
2844, 300 cr adikkum ennu urappu ullavar like,Neutral
2845, movie kandid veedum trailer kanunnavar undo,Neutral
2846,Singana suryaye vellan oru poo monum Ella,Negative
2847, dislike adikkunna ella myrenmaarrum poyi oomb,Negative
2848, Evde Asif Ali Evde... Kandavar indo?,Neutral
2849, Haneef adeni  Ninakevdunna mone ijjathi kolakolly items kitenne Vere level,Positive
2850, Megastar fans like here  അടിച്ചു pottikkadeyy,Neutral
2851, Ithu polikkum urappa...kidu..... Prithvikoodi undaavanamennu aagrahikkunnu... By a lalettan fan,Positive
2852, Trailerinu munb 7k dislike adichavanmarku ulupundoda,Negative
2853, IKKA PWOLI BGM oru rakshayum illa,Positive
2854, Mammukka ningale kurich onnum parayanillaa ith enthe avasanathe vakkaaa  storong 999,Positive
2855, Ini parayam muruga nee thirnnada ennu,Neutral
2856, ഏട്ടാ......  മാസ്സ്....  ...  വയ്യ....  പൊളി ആണ്......  no.  Words...... luv ഒരു ആയിരം ummmmaaaaaaaaaaaaaaaaaaaaaaaaaaaaaaaaaaaaaaa,Positive
2857, Madhuraraja 500 cr kerumenn urappullavark like cheyyanulla comment,Neutral
2858, 0:15 sec..... Ho... Romanchification... Ikka pattu padi thimirkkum...,Positive
2859, Mammootty apol guest role ann alle,Neutral
2860,Mudi valarthiya kure aalind....aaa avasanam Vanna payyan eth?,Neutral
2861,Ethu pulimuruganaano  Ha ha ha .....,Negative
2862,Trailer kidu mass marana mass.  Ee padam recordukal thoothuvarrum,Positive
2863, dileep  first day kaanan pokum family aayitt.. dileepinte cinema aanenn paranjalle..ammayum wifeum cinema kanan varukayullu.. ingane aan pandu muthale..,Positive
2864, Dae Ajithaaa copy adikathada Mohan Lal,Negative
2865, Views ethraaayi enn nokkan veendum veendum kaanunnavar like adikkeda,Neutral
2866,Lucifer teaser adipolii.  Ennalum madhura raja teaser kan poitt illengil lose avum,Positive
2867, Ayyo 11 vare wte  cheyyanamalloo,Negative
2868, Oh iyalude Ela padavum iyalu jailil kidana anubavavumayi copy Anu Nala pila anu enu kqnikan akum.,Negative
2869, Prithviraj illenu manasilayi surajine kandillallo. Siddik thirichethiyitund.,Neutral
2870, madhura raja trailerinu surya fansinte ashamsakal,Positive
2871, Mammooka inghale njettichaalo 2019 bilalum ithokke kand romaanjam,Positive
2872,Very nice .mammookka muthaaanu  appo njan fds urappichu.....,Positive
2873, Oru rakshem illa  Romanjam,Positive
2874,Film kanditt trailor kannann vannavar like adiiii,Neutral
2875, Mamangam alla avante apppan vannallum eth vijayikkum,Positive
2876, Iniyum Antonyude 100,Negative
2877,Eth pwolikum .....the complete actor lalettaaaaaaa ....katta waiting for lucifer enna look aa nmle lalettaaa,Positive
2878, Prthvi raj  unni mukundan  aarya  evide....malty   star   chothramu...,Neutral
2879, Ee onam njangal ing edukkuvaa..... ee ittichan...,Positive
2880, Megastar  mammookka  Fanz like adichu polikk,Neutral
2881, Tovinooo tovinoo....... tovinooo tovinoooo masss..kkaa... valliyappaaa.....,Positive
2882, Pulimurugante kurachu scene copy adichu nice aayittu,Neutral
2883, Oru  mikacha thriling movie aavum,Positive
2884, Padam kandathinte shesham trailer kannunna ethra perude onne    like adiche,Neutral
2885, Gangumayi varunnavan gangster Avan sunnyneym koottiyah verunnath 'pornstar',Negative
2886, Ente ponnoo ejjathi  Ithu malayalathinte oreoru mamangam,Positive
2887, Ikka  Mollywood King  uyir,Positive
2888, Nammude swantham govt model skool...Athoru skool alla oru vigarama,Positive
2889, ലീഡർ K മുരളീധരൻ fans like here,Neutral
2890, trailer kollam padam koodi kanatte ennitt parayam bakki masss trailer,Positive
2891, ithaanu A10...hatersinte vaayil adichu kayatiya adaar item...Lusifer,Positive
2892,Nammal aaytt arudeyum nenjath kerarilla siree,Neutral
2893,Arenkilum oru like tharumo. Punyam kitum,Neutral
2894,Ini idikanda.. urutam.. athu box officenodanu,Positive
2895,Rajakannmar padanaiykum,Neutral
2896, Fight scene kandupidikan Peter hein vallandu bhudhimuteenu thonunu pulimurugan poleye illa,Neutral
2897, Raju eattanu nthu Patti... Baki ellavrum ndalo. Ennit egneya rajade story avuva,Neutral
2898, 7.3k dislike adichavanmaarod onne parayanollu......  OMKV,Negative
2899, 500 + dislikes .. Endonadey... Endu kandit aane  dislike adkne,Negative
2900, This looks like... Thrishur pooram.,Positive
2901, Like adichoo makkkallle trailer ore *pwoli*,Neutral
2902, Polikum Avasanathe aa varavu ho  Romancham ikka,Positive
2903, Ikkayude johny walker ormma varunnuu vere level,Positive
2904, Mammookem Pillerum Ithil Polikkum Ennu Urapullavar Like Adich Pokko,Neutral
2905, Mammunikal kuthiyirunn Dislike adikunund🤣🤣bloody patti theetams,Negative
2906, oronnu padam pidikan irangum..paisa poyathinte  deshyam kondanu ivide trailer thappipidichu comment cheyyunnnathu..arum kanallu .. thank me later,Negative
2907, Mol marikkunnu enn traileril ninn manasilakum,Neutral
2908, Mattoru DHRISHYAM...  aakum..  Aakattey..  Athinte soochana trailer il und,Positive
2909, Onnpodaaa challenge inne undo 1 hour 50 k likes annn  madhara rajj kalikann venda,Negative
2910, Kidu trailer. Mammukka ningal vere level aanu,Positive
2911, Ithu dislike adichavar ikka fans mathramayirikum ennathan,Negative
2912, first day padam kanan pokunnavar adi,Neutral
2913, Natural venam polum side lottu maarinikke anganullavar korach mass okke nallaatha,Negative
2914, 0:28 - 0.33 athu ingerkkk matrame patttu... Sheriyalle.. :),Positive
2915,Nairsab last ikka and piller kettipidikkunna scene orma vannu enik...,Neutral
2916, Athu ___ Makkladaa ee jathi iteamsoka dislike cheyyunaaa.... Raju vs Lalu...,Negative
2917, Tripple strong nnn paranjapam daridryam akumn vjarich....idh takarthuto....waiting...ee prayatilum thalarata aavesham....ingal vallatoru manusyan thanne,Positive
2918, P K Ramdas enna vanmaram vinu pagaram aru...athanu chodiyam?,Neutral
2919,Jayetta ee xmas angu kondu poyko,Positive
2920,1:36ill nalla clarityill vechu pause cheythu nokiya gunum kondu nilkunna rajuvettane kanam clear aayi,Neutral
2921, Nte ponnu rakshyillaa,Positive
2922,Ithuvare ee cinema kannathar like adi oru comment idu,Neutral
2923, Ethu polikkum pinnalla,Positive
2924,Trailer ethu pola kanikana ayirunnu eni 28march vara weight cheyan avilla ....heavy mass,Positive
2925,Ente line ente Peru helan ennanu 🤩,Neutral
2926, Jayettan + Thrissur Oru Ugran PooraM Kodiyeri makkale...  katta waitin,Positive
2927,Adipoli FDFS thanne kaanum. Pulimurugan onnum ithite athra  varathilla. Katta waiting,Positive
2928, 1:35 aa purakil nikkunnath prithviraj aano,Neutral
2929,Adhikam show kaanikkanda odiyan oruma undallo alle,Negative
2930, Adukala oru aan kutiye palathum padipikum.....parasyam kand vannavar...,Neutral
2931, kaalame ini pirakkumoo ithpoloru vismayam   Mamukka___,Positive
2932, Jai marikkunnath kandappol othiri sangadamaayi,Negative
2933, Bilal john kurishingalinte aniyan aano ini,Neutral
2934, I lik both lalettan and ikka  madhuraja kollam gud ishtyi trailer but lucifer vere level tanne anu,Positive
2935, Ente ponnu ikka nigal vere level aanu,Positive
2936, Goosebumps  kidilan trailer  #FDFS #GAMECHANGEROFMOLLYWOOD,Positive
2937, Mohan Lal ayirunnenkil super ayene ..ithu chapli ayi poyi...,Negative
2938, minister raja (raja part 3 ) enn moviek katta waiting aakunnavar like adiku,Neutral
2939, INI aarum UNDA enna peril kaliyaakkilla.oru adaar trailer,Positive
2940,Uluppillathavanmaaru script writer ude peru polum vechilla.,Negative
2941, Dislike adichavarokke  ith okke kanditt engane dislike adikkaan saadhikunnu uvve,Neutral
2942, last le aa idi ntammooo Range saanam,Positive
2943, Innum 5 thavana kandath njan mathramano,Neutral
2944, Usmaane odikkodaaaa dhende theeyum pokayum parrappichondu oru kooottam baranu,Neutral
2945, E padathinte making ushar aanenu thonunu..  Trailer kanditt padam kandathokem thallipoli aayirnu.  But trailer pwolichu,Positive
2946,2 times ee movie Njan kandu,Positive
2947, Trailer 5 il kooduthal kandavar like,Neutral
2948, Etinte camera man super Annu big salute,Positive
2949, padam kandathinu shesham trailer repeat adichu kanunnavar adi like..,Positive
2950, Teaser kandappo cherthayittt sankadayi. But trailer kidu. Oru raksheeelya,Positive
2951, Eee oru movie കൊണ്ട്‌ mohanlal fan aakumennu തോനുന്നു katta waiting,Positive
2952, 25il kooduthal kandavarkk like adikkaanulla comment,Neutral
2953, Neerali lifetime views...  800K V 29K likes 1.9 K cmnts,Neutral
2954, Njan oru lalettan fan allengilum trailer kandappo...ee film kalakkum orappa....mega super hit aagum....urappe..,Positive
2955, Kgf chapter 2 nu vaikalam pola,Neutral
2956,740 kuru potti,Negative
2957, Orotta variyil paranjal 68 kaarante Azhinjaattam ...... Wait and see,Positive
2958,Lalettaa!!! Raju chettai. .. such a promising trailer!!!  RONJAAAMAM!!!!,Positive
2959, Tiyaan & Kammara Sambhavam  #Lucifer Lallettan Fance  like Here,Neutral
2960, Trailer kandittt ith oru puthiya anubavam aayirikkum a new kazhcha in Malayalam movie,Positive
2961, Comments vayichppo oru karyam manasilayi.... Ethu njagade LALETTAN ANN,Positive
2962, Dislike adukunna pooo maklkekk anta veral gift,Negative
2963, Kanditt madhura raja trailer il ninnum oru story illatha moviyaanenna feel kitty,Negative
2964, Njan vicharicha pole alla ketto...sambhavam kidukkiyittundu,Positive
2965,Rajauda kalii enum keralam kannan pokunnaa olluu🤩🤩,Positive
2966, OMG  lalettaaaa ummmaaaaa rajuvettaaa ningal marana mass anu.,Positive
2967, Nammude prithvi amgane veruthe onnum direct cheyillalloo... Lalettante kure nallukalyi irangunnathil aattavum nalla movie....,Positive
2968, Ethu pollickum 2 days kondu 1 millon pulimuragan 3 days edathu 1 million adikkan  Ekka da,Positive
2969, Ente ponnu...kiduve...🥰🥰🥰🥰🥰🥰🥰🥰🥰🥰🥰🥰🥰🥰🥰🥰 Ikkkkaaaa       Kidu.bgm🥰🥰🥰,Positive
2970, Havy havy super super kidu kidu 🤘🤘,Positive
2971, Bahubaliyumayi kattakk nikkan pattiya padam. Mammmookka U are still young,Positive
2972, Kidu trailar....lalettan king of Indian cinima..,Positive
2973,Ente ponno..... Heavy.... BGM... Ikka pinne parayanilla....2 looks kidilosky 🤩🤩 Overall kidukkachi aahn Mone...,Positive
2974, Mammokkaaa katta waiting for this movie,Positive
2975, Surajettan ippol kadhapathramayi jeevikkukayanu.. mikka cinemakalilum,Positive
2976, Raja 100 cr urappullavar adi like,Neutral
2977, immathiri item ellam abhrapaliyil kananamenkil innum ee arupathiyettukaran orungiyiranganamennathu enthoru virodhabhasamanu #proudofyou mammookka,Positive
2978, Vivek obreoi sound nalla paraichaya arudey sounda aryo arkengilum,Neutral
2979, 1:10 ee scene onnum cinemayil illa.... Pattich,Negative
2980, Vere level ... Onnum parayan ella....,Positive
2981, Dileepettante kudumba cinema kaathirikkunnavar please like,Neutral
2982, Good will uplaod aakitum. Why view koravu?,Neutral
2983, Ikka polichu athum e prayathil love u ikka,Positive
2984,trailerinaayi kaathirunnavar like button adich pottikkk,Positive
2985,Aa kurishil christinte thala odich vechekunnu... raju brilliance,Positive
2986, Dileepum anusitrarem oreclassil irunnu padichatha ennude para. Adipoli cinema,Neutral
2987,Kandu....nalla movie....Suraj oru rekshayumilla.....jeevich kanichu.... award urappa....nalla movie....comedy + love + Sad.....kunjappan Pwoliya.....,Positive
2988, vijay sethupathi rajinikanthinte villanayapole  tovino thomas lallettante villanavumo,Neutral
2989, MURALI GOPI NINGALUDE DIALOGUE PWOLIYAANU. ..MWTHE,Positive
2990, 200k like ayo ennu nakkan vannar like,Neutral
2991,Lalettan kidu Raju Etta super trailer,Positive
2992, Trailer releasin munpe vann dislike adich pokunna kure vaanangal... 🤐 antha bayam irkattum...,Negative
2993, Sohan seenulal ne kandathode mood poyi,Negative
2994, Youtube hang ayo views update akunilallo,Neutral
2995, trailer thudangunnathinu mumbu nnallathavanam annu aagrahichavar like adikku!!!!!!,Neutral
2996,Nirasha varuthathe ... Nalloru movie pratheekshikunnu Kure nalukalkku shesham Oru moviek  pokanam. Ennu moham,Positive
2997, Padam kandu mass alla maranamass,Positive
2998, Poi balalsangam chyum allenki petrol ozhichu kathikum....,Neutral
2999, Ikka ullath kond mathram Trailer  Kaanan vannathaa,Neutral
3000, Comment vaayichathu kondu video sradhikaan pattiyilla..athond Veendum kandu ..ippo VeendumIni ethra vettam kaanumenn dhaivathinu ariyaam    Edits:- ikka uyir,Neutral
3001, Wowww.. Amazing.. Katta waiting.. Ikka and unni.. Super..,Positive
3002, Rajayum rajede pillarum stonga tripple strong,Positive
3003, 192k views and 196k likes masmarikam,Positive
3004,njan ikka fan aaan!  lalettante oru nalla thirichu varav pratheekshikunnu......rajuvettan direction super aayittund!,Positive
3005, orupad padikal. fight  tvm model school.enaganum ano,Neutral
3006, Onnil kuduthal kanda trailer ambooo powli....,Positive
3007, Mamankathinte naatukar tirur tirunnavayakkar adi like,Neutral
3008,Adicholu etra dislike veenelum kuru pottichittu oru kaariyavum illa,Negative
3009, Kola mass ennu thoniyavar evdea like adiku,Positive
3010, Paat pole alla mone..... Ith polikkum,Positive
3011, Polikkum mammukkante pattalam movie orth poyath njaan maatramaano..??,Neutral
3012, aarokke first  showkk pokum ? fdfs arokke like adikk  🤔🤔????,Neutral
3013,Jimitt fans jimittinte theettam thinnaan nokk myrukale,Negative
3014,D companyile  jayasurya  ariyuo  ningalk  athaan  vera  level,Positive
3015,Sunny chechiye kaanan vannathu njan maathram aano,Neutral
3016, KANJI CHODHICHU INI ARUM VARARUTH ASSAL BIRIYANI THANNE ANGU THANNU VITTITTUNDENNU PARANJEKKU,Positive
3017, Mammootty fans polum like adichu pokum adaru trailer,Positive
3018, E filim ethe vare kanathavar undo,Neutral
3019,Mammooka fans sub my channel  Keri vaa makkale,Neutral
3020, BEST WISHES TEAM  Abrahaminte Santhathikal,Positive
3021, Madhura raja....kandadhil vechu adipoli thagarppan movie...mammukka,Positive
3022, Etta padam kandu oru rakshayillatta another 100cr loading,Positive
3023,Nalla rasam ubdae,Positive
3024, Padam kand kazhinjathin shesham vannavar like adikk,Neutral
3025, Poram lokham ariyatte HBO Channelil parashiraja kanaichath pole .peranpu pole ikkayilude malayala cinimaye ariyatte .,Neutral
3026, Laletttaaaa heavy padam industrial hit definite,Positive
3027, LALLETAN FANS LIKE BUTTON ADICHU POTIKKE,Neutral
3028, like  mammmukkka  fans frm  mangalore,Neutral
3029, Fairman oorma vannath enikk matramano,Neutral
3030, Usmaane....vegam vaarikettiperukkeda...theeyum pokem parapichond oru koottam varunundeda....,Neutral
3031, Oru dubbing padathinte trailer pole.  kidu,Positive
3032, Ore daivam... pakshe marannamila.....lalettan... Eshtam...... Stephen,Positive
3033, Last dialogue kalakkki makkale  Surajeetan poliyalleeeee,Positive
3034, King manavalan fans like here #manavalan,Neutral
3035, Maranamass padam....Padam kandittum njan thaa trailer kaanunnu,Positive
3036, Padam kandit trailer kanan vannavarundooo,Neutral
3037, Cinema iragiyittum view cheyyunnavar like adi,Neutral
3038, Super acter nammude lalettan Super hero nammude lalettan,Positive
3039,Katta waiting aay ullavar like adikk,Positive
3040, Athoru valya kathaya Mone paranju thudangiyaal oru 10-30kollathe charithram parayendivarum,Neutral
3041,Prakadanam kondum perfromace kondum elllavarum theatre thakarkan pokunna mamangam🤩🤩🤩🤩🤩🤩🤩🤩🤩.....unni mukundhan oru vazhi thiriv aavate ee movie,Positive
3042,Bollywood film Newton inte remake aano?,Neutral
3043,Big b 2.. nu wait cheyunavarr udoo,Neutral
3044, അമ്പോ ടീവിയിൽ headlines kandathum oodi phoneduthu ithu kanaan .....adipoliyayittund,Positive
3045,Akka uyir.. Ikka ma... alle venda.. Maarakam..,Neutral
3046, Shwaasam adakki pidich trailer kandavar adik like,Positive
3047, Thrissur pooram trailer  hidden details,Neutral
3048, Kalam marum kathakrith marum katha marum pakshe Vikaram onne onne ollu one and only mammookka,Positive
3049, Mammookka Nte Look Vere Level,Positive
3050, Once a raja always a raja,Neutral
3051, Woah!!kidu TrailerMammukkaaThis Eid z awesome,Positive
3052, eth theatre allaam onn  kulukkum,Positive
3053, Trailer erangiyilla adhinu munpe pedich thoori dislike adikunna mammunnyolikal,Negative
3054, Ettan da 6million views L.... M..wood mohanlal,Positive
3055, Telugu film pole masss  trailer,Positive
3056,ee chengayikk 68 aano alla 28 aano ejjathi enrgy  kandtt kili paariya pole,Positive
3057, Kidukkachi  laletta ningal mass alla kolamassanu,Positive
3058, endh kashtaman idh trailer alla teaser ann,Neutral
3059, Raja 2 teaserinu  shesham kaanunnnavar like,Neutral
3060, Mammookka fight ohh romam ezhunetu nililkkum,Positive
3061, Ee onam ini arum nokkandaa ettan parayan paranju,Positive
3062, 50 parku  vila  ellaa,Neutral
3063, Oru rakshayum illa... adhi gambeeram ennu parajal idhanu namichu,Positive
3064, Lalettan fans like adiche .......lalettan ki.......mmmmaaaa,Neutral
3065,Dislike adichavark trailer ishtapedanjitto അതോ lalettaneyo. എതായാലും ninnodokke പുച്ഛം മാത്രം. Its ettans swag,Negative
3066,Mammokkayude madurarajakku shesham  adutha super hit,Positive
3067, Ithrem aniyanmar vijarichal 1m like opikan patille,Neutral
3068, November 6 num vann nookunnavar undo🤔,Neutral
3069, Ippozhum repeated kaanunna ikka fans ndo,Neutral
3070, Ithu oru thivasam konde 1m adikum,Neutral
3071, Nalla movie aanennu thonunu.....vineeth sreenivasan undallo....,Positive
3072, Madhura raja nalla cinema ano?? Plz reply,Neutral
3073, Odiyan fans like here.100 CR collectn kitumnu orapullavar like,Neutral
3074, Kalu odinja sidheeq veendum policayi,Neutral
3075, Oru raksha illa makkal poli padam like,Positive
3076, Long live ikka  Long live ettan  Long live Malayalam movie,Positive
3077,Verified channel IL eddadde,Neutral
3078, Lalettan powlich..   love you laletta,Positive
3079, Appo bilal ee idakkonnum varulle Happy birthday ikka,Neutral
3080,Lalltten fansinte best of luck. For dilepptan,Neutral
3081, Thalkalam dq um rajum nivinum okay padanjarottu thirinjirinno,Negative
3082, ഇക്ക മാസ്സല്ല മരണമാസ്സാ ...   Abrahaminte Santhathikal Kidu Status Video     Max,Positive
3083, Bro support koduthilenkilum dislike adikkathirunoode .,Negative
3084, Muruganae kolan stephen thanae vendi vannu enn urapp ulavar like adich pwolik.,Neutral
3085, Ithinidakk 2 pearum dislike paniyum kashttam,Negative
3086, Ikka Ella malayalikaludeyum ahangaramaya vigaramanu . love uuuuuuuuuuuuuuuuuuuuuuuu ikkakkaa,Positive
3087, Views 17k.. likes 100k .. itenda ingne?,Neutral
3088, Dec 14 poraamm kodde kerre makaallle,Positive
3089,Prithviraj venamenn parayunnavar adi oru like,Neutral
3090, Vindum vindum repeatadichu kanunna lalettan fans undel ivide likeadi,Neutral
3091, Eppozhum views koodunno ennariyan vendi varunnavar undo,Neutral
3092, Idakkidakk vannu romaanjam kollunnavar like adi,Positive
3093, Ente athippaara ammachi ikka ithu engottaaaaaaa,Neutral
3094, 9 min...54 k like.....madhura rajaa daaa,Neutral
3095, Ufffff .... katta katta waiting ...   Goosebumps,Positive
3096,Odiyan trailer nakalum katta waiting Lucifer,Positive
3097, Oru ghum illaa,Negative
3098, Hufff bgm.ikkka mass pakka masss,Positive
3099, Govt school pillar ku like adikkan ulla place,Neutral
3100, 100 cr aanannu Antony parayaan paranju,Neutral
3101, Ippo time 2:34 am... Kannunavar,Neutral
3102, Ikka polikumen urappullavar like and comment please,Neutral
3103, Aval aa kadele freezer il alle.  Ithipo kadha motham ondallo trailer il.,Neutral
3104, Oh mass o mass laletta katta waiting....Bgm,Positive
3105, Thalaivaaaaa  views nokan ratri 2manik alaramvechenitu rajada pillaru ട്രിപ്പിൾ stronganu theliyikum wait,Positive
3106, Ente ikka oru rakshem Ulla,Positive
3107,Mamangam mohanlalum marakkar mammookkayum ayirunnenkil.ith chanthuvine ormippikkunnu,Positive
3108, Dislike adichavanmar madhura rajayude karyam onnu orthu vechoo,Negative
3109, Polichu...  namude ലാലേട്ടൻ.. ...  rajuchettan,Positive
3110,Onnum parayanilla... 🤗🤗🤗  Lalettane kanicha ella bhagathum adhehathinte mikavu karanam ente mughathinnu  chiri marittillayirunnu.. Great great great,Neutral
3111, Varan irikkunnath mass padam matram alla  Comedy entertainer kudiya,Positive
3112, 4 bangalikal mannu valichu kadalilekk ittal theeravunnathe ullu ninte Japan,Neutral
3113, Eth kandappooll prithvi rajinee ormavannavar like adiii,Neutral
3114, Myru padam Cash poyii.... Eee kunnakk inganathe padam cheyyathe irunna pore....,Negative
3115, Lalettan Lucifer pwolich.... aduttat Mammookka de Madura Raja.... malayalatile 2 megastars,Positive
3116, Avalude name veykkunille avar lead cheyyunna film alle..,Negative
3117, Padam onnu eragikotteda pahayanmare appalekum chelakkan kuthirikunu ororthanmaru.. Onnu poyinada..,Negative
3118, Ith nice aakum..  sure aanu,Positive
3119, Ithu pwlikkum..... King is back  lvu ikkaaaa,Positive
3120, Moood poyi mood poyi aa sabune kandappol mood poyi,Negative
3121, Trailer ennoke paranja ethanu ..ente ponn hari anna ethonn onn eduth kaanu,Positive
3122, Kurre  Ekka Duranthangla Unlike Thudangitt indalla,Negative
3123, Oru singam mmayam..  pwoli trailer,Positive
3124, FDFS book cheyyum ennu urappullavar ivde likikkoo,Positive
3125, Luciferine malarthi adikkaan RAJA vannu makkale,Positive
3126, Makkale ellavarum share cheyyu like Adi namuk thakarkande come fast,Neutral
3127, Ikkante voice kelkumbo thanne romanjam.. bakki pinne parayannoo.... Ikka ningal vere level annu,Positive
3128, kk anu   stunt #ptr ishtam ikka   stry,Neutral
3129,One million nu ini kurachoode...,Neutral
3130, Trailer 50il kooduthal thavana kandath njan maathramaano Anna ben vineeth yettan izhtam,Positive
3131, Lal fans kurachu kashttapedu unlike adichuuu,Negative
3132, Like ethra aayanne idakke idakke vannu nokkunathe njan mathramano,Neutral
3133, 9.6k dislikes from Antony perumbavor ( undaya.......),Neutral
3134,Super mass ailla poli mass look,Positive
3135, Last thalaiva tonum ikkante jumbum,Neutral
3136, Muzhuvan ipo kanikunila. Baki theatril kanaam,Neutral
3137, 6.4k dislike ... Ijjathii rodhanam annaloo ....,Negative
3138,Lalettane konde pattu super script aayirikum,Positive
3139, sunny chechi fans undel like adi,Neutral
3140, policekaarante nenjath chavitti nilkunnath maathram kaanan theatril poyavar aarelum undo?,Neutral
3141, Aamaye vellathil mukkikkollunna inam.  Hareesh kanaran rocks,Positive
3142, Rajuettan itherayum Kalam abhinayikkuka aarnno atho direction padikkuvarnno,Neutral
3143, Spr     ikkkkkaaaaaa,Positive
3144, Malayala cinema yude thalavara maattum e padam,Positive
3145, 1:07 iyalde kaalu vetiyathalle 1st partlu ....,Neutral
3146, Cinema kanditum idakku idakku keri trailer kanund,Neutral
3147, Rajuettan fans undengill like adi makkalee,Neutral
3148,I am waiting for.................... tovino kalki trailer tovino fans like here,Neutral
3149, Kalki fans show kannunavar like adichotovino,Neutral
3150, Trailer kidukki..film ith pole nannaya mathiyarnnu.,Positive
3151, John Abraham Palakkal ....Marana Mass Mammookka,Positive
3152,ithipo kathiruna film othhu varunnod ariyla tension und.ettateum ilayathalapathiudeum padagal othhu randum high akanam atreulu.,Positive
3153, ikka oru rakshayum illa ajathi item,Positive
3154, ikka fansum onnu kandu sahakarikanam ennu abhyarthikkunnu,Positive
3155, Enta ponoooo  enna lookaaaaa,Positive
3156, ikkadae pullarkk like adikkanullaa nooll ninga adicholi padam kidloviskii,Positive
3157, De pinneyum youtubil trending no 1,Positive
3158, Laletta adich policho laletta Nigaloru muthaan ie padam Vijayikom nokiko apo,Positive
3159, Love u lalettaa..  ithupoloru film...  malalayalathil aarkk edukkaan pattum?,Neutral
3160, Dislike adikunna mandanmar ariyunnilla ithu open akkiyal views nte ennam koodum ennu,Negative
3161, BELARI RAJA PAZHASHI RAJA RAJADHI RAJA POKKIRI RAJA MADHURA RAJA  Ee RAJA ena peru ushirulla aanpellerkru paragitullatha,Neutral
3162, Unbelievable.. its Awsm .. laletta .. direction Rajuvetta,Positive
3163, Lucifer fdfs pokunnu lalettante White n white lookil,Positive
3164,Kidukki.........  Last  punch romanjam..........,Positive
3165, Ente molude name anu e film eragum munne ettathanu.oru 1yr munne 1st kalki may daughter,Neutral
3166,13k dislike adicha guhanzzz stand vitt pokendatanu,Neutral
3167,Fans show ticket kittiyar like adik !!!!,Neutral
3168, Muthaaapoooyyyyy hoooooooooo yyyyyyyyyyyyyyy odiyan loading,Neutral
3169, Njn pru lalettan fan ahn..  eee trailer mass ahn..  padam polikkum,Positive
3170, Kandappol aaa kalagattathil ethiya pole oru feel,Positive
3171, Annum innum ikka marana massennu thonnunnar ivide  like itto,Neutral
3172, Inganoru adaar trailer kanditt dislike adikkan aarkka thonnukaa...even the haters cannot...ikka superb🤩,Positive
3173,Ente ponnu mammoooka mass item veendum..bgm aanegil onnum choikandaa porichu,Positive
3174, Njan oru lalattan fan anagilum...... raja maaass akum..... urappppuuu.....,Positive
3175, Hahaha...🤣🤣🤣Siricchu satthu....Sugar koodi Poyi mone... Pakka Flop....,Negative
3176,LucifeR kande Kon thetti erikunna njn🤐 Next Day MadhuraRaja Trailer Ente ollu baki konum poyi🤐🤐🤐,Neutral
3177, Mass nnu paranjaa ikkayaanu.. MASTER of MASSES.. Adaar trailer.. Mammookkaaa,Positive
3178, Eee padam hit aavum ennullavar lyk adi,Neutral
3179, Ithinu dis like adichavarude manasika nila thettiyirikkuva.. Trailer kidilan Oru rekshayum illa,Negative
3180,Vera oru nadaneyum mosham parayan njanilla ennalum ijjathi items ee prayathilum nalkan ee megastarinu mathrame kazhiyukayollu,Positive
3181, Happy New Year LalettaCinema kanduketto..Love u,Positive
3182, Ambooo Roman ezunettu  EPIC loading,Positive
3183, Entae jeevathil ithrayum pravishyam trailer kanda verae oru cinemayum illa,Positive
3184, ith oru oola padam aayirikum enn manass parayunu,Negative
3185,BGM pwolich gopy sir .....ikka Katta waiting,Positive
3186, Aarokke yaan wait cheyyunnath.  Ee link ella pagilum,Neutral
3187, poli  teaser maathiri alla ith pwoli item aanu aake miss cheyyunath rajuvetteme mathra?  ningalkko?,Positive
3188, Ithu 100cr ennu parayunnavar like adiku,Positive
3189,Chinenu oru muthalu verum enu ketapoo ithraku pratheeshichilaa,Neutral
3190,1:07 ikkade shareeram allanu pettennu manasilakum... Orumathiri piller edith cheitha pole,Neutral
3191, oru nimishathekk  bigbossine oormavannathu enikku maathramaano?,Neutral
3192, Njan A10 Fan ann but ikka pwolikkum katta waiting,Positive
3193,Ijjathi kuru trailer releaseinu mumbe ikka fans dislike adikan thudangiyo,Negative
3194, Lusifer na kadathi vettanan lokath eni  oru ankutti illa  ini undakanum pokunilla,Neutral
3195, chankurappulla ikka fans vaa 21 nu charithram kurikkum,Neutral
3196, Heavy item Trailer edit chytha aaraylm sammathikanam  Veendm veendm kaanmpo thrill kooduka allaathe kurayunila  Chumma polichadukki,Positive
3197, First Malayalam teaser to get  k likes...Lalettande mass,Positive
3198,Ijjathi trailer uff ponnooo.... Oru raksha illaa.. Polichuu Ithavana vishu #Madhura Raja kondu pokum enn urappullar ivide thottit poo...,Positive
3199, ee padam 8 nilayil podannamennju prarthikunnju,Negative
3200, Nammude kuttikale karotteku pagaram kalari padipkunnathalle nallathu.athalle nammude parambaryam..,Neutral
3201, Vyshakinte pagill ettal egane ya views thonne kittuka valiya chanalil alle edendathu luciferne pole,Negative
3202,Dislike adicha 27 k. Kakka fans,Neutral
3203, Venda kutaaa... Urutaaam.....  Tovino ishtam🥰 Katta waiting,Positive
3204, 1:47 vfx aavashyamillayirunnu.. mammukka mammukkayayi irikunnathane nallathe,Positive
3205, Ethra kodi kittiyalum illellum nalla film aayal mathiyaayrunnu,Positive
3206, ith Challi annu ennu urapulavark like adikam,Neutral
3207, Stars nu pakaram Nalla cinema'ye support cheyyunavar adi like..,Neutral
3208, Trailer kandappo oru karym manasilayi eni mammooka fans luciferine velluvilikkilla,Negative
3209,Ingalu itra nal aayitt inganatha padamgal irakkanjath enthan bhaii...,Positive
3210, lalettan kalakki.....polich...... ithine vellan oru madhurarjayude treaserinum pattilla,Positive
3211, As 15k dislike itavarod aranenokke mansilayi oru choddyam       Nanam undo,Negative
3212, Ettaaa best wishes ettan fans onnu like chythekkew,Neutral
3213, Poraaaa.. Luciferne tholpikkan ulla mass onnum illaaa..,Negative
3214, Potta padam 2million views polum illatha ee oola padam potti paaleesavum.  Antony perumbaavoor kuthuvaala Edukentiverum. {not an ikka fan},Negative
3215, 2019 enik venam .ningal athenikku tharanam,Neutral
3216, Pwolicchh.kidiln editt  kidu musc  kidu cmra  kidiln acttt   andd kiduu drctr.,Positive
3217, Like kuddunnu onnd pakshe views kuddethe enthaa,Neutral
3218, Ith raja aaa kallykkan vanna eduth uduth kalayum,Negative
3219, Voiceatokke ikka kasargod muthal tirupanantapuram vare,Neutral
3220, 0:40 scene cinimayil Indo kanda orma illya,Neutral
3221,8.5 M  10 M Aavatte,Neutral
3222, Paranju thudayil 30 alla avande achachan muthal parayendi varum🥰,Neutral
3223, Lalettan .  Lalettan fans ellarum like adikk. Enitt Pewdiepie kk subscribe cheyy,Neutral
3224, mamooka mas alla marana mas aan,Positive
3225,Lalettan fansinu trailer kandathilekk swaghatham,Neutral
3226,Age is just an number Enn manassilaki thanna trailer,Positive
3227,Inniyum likeum viewsum kayarumennu urappullavar like adichech poookkooo,Neutral
3228,Lucifer nne polle...... Raja 2 vum vijayikkktte......,Positive
3229, Ittychante Vakka Oru Simple Vedikatte  Ufff  Adi Makkale Like,Neutral
3230, Jeevithavumaayi bandapett kidakkunna movie aayathu kond trailer kaanumbol vallatha oru santhosham battalion police kaarude real life aanu parayunnath,Positive
3231, Uff uff uff ijjadi ikaaaaaaaaaaaaa ponnikkkaaaaaaaa,Positive
3232, Madhura raja ki jai Madhura raja ki jai  Madhura raja ki jai  Madhura raja ki jai,Positive
3233, Kanditte ishttayillel cash ennode chothicho. Laletta still love uuuuuuuuuuuuuuuu. Prithvi thakz .......,Positive
3234, box office nte kaaryathil oru theerumaanamaaay,Positive
3235, Sunny Chechi pwoli... Ikka Al Pwoli ennu thonniyavar adi like and visit,Neutral
3236, Eee Traileril tovinoya  kondaapol ...rahul gandiya ormma vannavar evida like adi,Neutral
3237,Entemmachi ..enna oru trailer... shanker ramakrishanan  ellamkondum kidilan...wow....,Positive
3238, Ini aaanu kali trailer kalakki above expectations,Positive
3239, Name kettapo oru Antichrist movie aanu ennu thonniyirunnu but mistaken,Neutral
3240, Ente mone al powli ikka ishtam,Positive
3241, Lalletan fans like adikku . Fans power kaaniku,Neutral
3242,Lucifer lostfer aavandirunna mathiyayirunnu .kandittu adutha floapinulla sakalathum kaanunnundu,Negative
3243,Ente ammoo. Ith polichuu.. Raajuvetta all de best.,Positive
3244, Ayyeeee....dialouge presentation ottum illa....evan enge nayakan ayi? Lalunni....evanano swayam complete actor ennu vilikanee.....myran,Negative
3245, Last ikkede varavum ഡയലോഗും  mass,Positive
3246, 1.34 seen ille prithviraj ninte face Pole thoununu,Neutral
3247, Athikam aarum sraddikkathe poya oralund manoj k jayan,Neutral
3248, Ikka fight lu ottum pinnilottu ninnittillaa...ikka maarakam,Positive
3249,Ikka ingal polikkumveendum veendum kanan thonunnu,Positive
3250,Ikka uyir.... happieee b'day ikka...,Neutral
3251, 0.15 etha ah chulllan...nte mammmookkka on onn nivrnn ninnl chuttum illeth onnum kanan pattlettooo,Neutral
3252, Lucifer trailer 2020 kanunnavar undo like here,Neutral
3253, Surajettanum subin ikkayum polichu  sesham screenil,Positive
3254, Ithoke dislike adikkunnathu aah theettavayarante fans aayirikum.,Negative
3255, Padam poliyum ennu urappayi. Rajadhi Raja enna thara padam pole.,Negative
3256, Enna looks ikkaaaa. U r really maaaassss. Heavy film. Romaanjification at the peak.,Positive
3257, ente mamookkaa.... ijjathi....  romaja.kanjukam..  mammootti istham....  ithu kalakkum.. polikkum... thimirkkum,Positive
3258, Idakide vannu nokiyilang oru samadhanam illa,Neutral
3259,Mass kanikkan mle palettan kayinjje vera aalullu####,Positive
3260, Pandi rajaye malarthi adichu athanu lal magic,Negative
3261, Mamooka Dulquerinde Bappa anno adho chettano🥰,Neutral
3262,MaduraRaja Trailer kandathinu shesham vannavar undo?,Neutral
3263, Njan idehathinte padam kaannilla,Negative
3264, E polippan trailerinokke dislike adichathu ethu keedangallannavo... kuru pottal ippazhe thundangi....,Negative
3265, Christiansinte idayil oru pere ullu Lucifer,Neutral
3266, Ettante records pottikkan ettan mathrame ollu inn malayala chinimayil,Positive
3267, Adipowli trailor rajuvetta ettane powerful eyes ela seenillum,Positive
3268, Cinima 2 aam vattam kanan paisa illanitt trailer veendum kanunnadh njn maathramano?,Neutral
3269, Mamangam fans show kandirikkum ad ini eath time ayalum ikkayum eattanum namukk  oru Poleyalle,Positive
3270, Ettan fansil netti poya aarenkilum undo?    #maduraraja#waiting #,Positive
3271, Aarelum sradhicho lalettante cheruppam kaanikkunna sceneil 1.39 aaa kutty tholum cherichulla aaa nilppu.. rajuvettan's perfection...,Neutral
3272, Oru kidilam bgmum songsum malayalathil kelkkanam gopi chettan sadakuzhanju ezhunelkkanam,Positive
3273,ന്റമ്മോ ഇജ്ജാതി trailor.. Uffftrailor ethegilum.. Padam. Pwoliyo pwoli,Positive
3274, Oru janathayude nayakan megastar ammmukka in&as hollywood level movie,Positive
3275,Njangal Ikka Fansinte Swantham Ettan . DILEEPETTAN,Positive
3276, Kalkikku malayalathinte dhathuputhran alluarjun fansite vijayaashamsakal,Neutral
3277, 14k dislike adicha oolakalk naduviral namaskaram,Negative
3278, Ente ponnu mammokka ningalekkondu oru rakshayumillallo,Positive
3279, All Kerala lalettan fansite ellavida ashamsakkalum.,Positive
3280, Trailer Kandu thudangyalo 7.9M views aarunu. Kandu kazinjapo 8M aayi! 🤯,Neutral
3281, Ithill Tovii polikumnn ullavar ivde like adii,Neutral
3282, Rajayude andhya kurbana chollan avan varunuu... #LUCIFER,Neutral
3283, Mammookka  Haneef Adeni shaji padoor  Gopi sunder  Mahesh narayanan,Neutral
3284, Koora Trailer jattimaanii padam pottum 100percent lalappaaaaa,Negative
3285,Cmmnt bx full like veendavar aanallo,Neutral
3286, Promo kand kili poya le njaan,Neutral
3287, Ethokke aranavo unlike adikkuneeee.. .Aaaa Freak pennu song like adichavar analley,Negative
3288, Enna parayan eneet ninnu thoyth povum,Positive
3289, Uff. Oru rakshayumilla. 6 thavana kandu. Pwoli. Ikka mass,Positive
3290, Ithu dislike adicha pookavadi makkalodu onne parayan ullu,Negative
3291, Ee trailer kanditt urakkam vannavar ivide like cheyyuka,Neutral
3292, Venda kutta uruttam last dialogue polii....,Positive
3293, Lalettan ithu thakarkum.... Prithviraj great job.....,Positive
3294, No words to say katta pwoli van mass,Positive
3295,Ithu njan 10il kooduthal  kandu,Positive
3296, Ith dislike adicha polayadii makkalkk kunna namaskkaram,Negative
3297, Family entertainer? Family kk kanan pattatha movie full inner meaning,Negative
3298, Ingere guhanennokke vilikkunnavarodu onne parayaanullo ingerude ee agil ningal onnukil bedil kaalaneyum kaathu allenkil photo aayi chuvaril,Negative
3299,Singa Thslaivaaaaaaikkkkka katta w8ngn 8 manikk vendi nthoru kaaathiripa vaishakh annna onnum eluppam relsees cheyyney,Positive
3300, 10 timesil kooduthal kanndavar ivde like adii🤩 RAJA Return,Positive
3301, Kunjikkaaa fansss adi mone likeeee !!!! Ikkaaa fanss pottiiiikkk likeeee !!!!,Neutral
3302, Koothara trailer telugu padam pole und,Negative
3303,#Mammookkaye jeevanayi kanunnavar like adich pwolikk #ikka,Positive
3304, Pwoliiiiii mammookka oru rekshem illa.. Best wishes,Positive
3305,Enne arelum ivdnnu koottikkondu pokaamo...repeat mode on more than 25 times...kidu bgm,Positive
3306, Veré level,Positive
3307, Views nokkaaan edakk edakk vannu nokkunavar like,Neutral
3308, Triple strong kkaaar okke evideyanavo?entho?oru vivarom illa?,Neutral
3309, YouTube hang aay pandaram.... eee pull load avanilllaaaaooooy....,Neutral
3310, Ithenthaa pinnem pinnem kaanan thonnune.. Ejaathi addicted,Positive
3311,Oru joshy film touch undo...???,Neutral
3312, 8 mani onnu vegan aavu,Neutral
3313, Romam oke eneetu ninnu salute chyum,Positive
3314, Kattaa waiting Suraj ettan  Soubikkaa  Robot ettan Japan chechi,Positive
3315,Ee traler kanditu heavy mass feeling kitiyenkil full credit goes to Rajuvettan,Positive
3316, Prayaththe vellunna meyazhakkam ulla nadanan megastar.prayam marannulla aareyum athishayippikkunna actions aan enikk eetavum kooduthal ishtappettath,Positive
3317,adipoli...oru pulimurugan effect....but kuzhpm ilaa ..............mammookkaa,Positive
3318, Jayasurya fan from Tamilnadu vera level,Positive
3319, trailer polichu ikka Marana mass,Positive
3320, Sunny chechiye kanan Vannavarkke like adikanulla cmnt,Positive
3321, 16k dislike adicha ma.. Mahaanmaarude shirasu pilarnnu andharikane.. Bagavaane,Negative
3322, Raja odiyante first day record thagarkum ennullavar like,Neutral
3323, Lalettan ishttam.. Rajuettan ishttam!! Murali Gopi's script,Positive
3324, Katta support .. Surya fans nte vaka undavum ...S37 coming soon,Positive
3325, Oru BIGB  feel....  ..aiivaaaaa.  Pwolichuu,Positive
3326,16k views um 52k likes um ikka daaa...,Neutral
3327, Which is better trailer Like__Under wold Comment__ helen,Neutral
3328, BGM kidukkiiiiiiiii makkale koode mammukka combi 🤩,Positive
3329,june 16nu Oru addar item varunnund  Derick Abraham,Positive
3330, Padam kandavar like adichitte podee,Neutral
3331, Oru 25-30 Million Views engillum ee trailerinu kittanam !,Neutral
3332, Tgf,Neutral
3333, Releaseinu 1 week munne ithu onnum koodi kanan vannavar undo?,Neutral
3334, Dear Mammookka,Positive
3335, Dileepnte jeevidha kadha ano e cinima,Neutral
3336,Odiyan trailer kidukki Laletta nigal vere levela,Positive
3337, Best actor movie pole feel ayavar like ADI,Neutral
3338,Ward membareeee kandittille vaa 28 nu theatril vaa,Neutral
3339, Ee kidu remake onnu kandu nokku,Neutral
3340, Heavy mass        പൊളി,Positive
3341,#illuminate  Arkum athikam ariyatha oru paru padi ....devil mayi vakenundeal . I think pirthraj is illuminated,Neutral
3342, Lalettan fans nte full support 🥰🥰🥰,Positive
3343, ( ( ( KIDILOSKI   ) ) ) ),Positive
3344, Sandarpham muthal enne  vareyullaa ella   ciinemakalum albhudappeduthiyittulla oreyoru   nadana vismayam mammokka,Positive
3345,Enna padam ethillum high irakiya villian potti palisayi pinna ithe,Negative
3346, padam kand kayinn trailer kaanan vannavar adi like🤗..,Neutral
3347,Sunni chechi ullond padam one month enkilum ooodum orappaaa allenkil sunnichechi oodikkum,Positive
3348,Ettimani thakarkkum lalettan polichadukkum onathinu verarum aduthu polum ethilla urappu,Positive
3349, യൂട്യൂബ് hang doii ettan mess ആണ് mone,Neutral
3350, Ikkaa ikkaaa ..ente chomanna jatty kandaa,Neutral
3351, Kashtam 27k pottanmaaru ee keralathil indello daivame... Dislike kandille.,Negative
3352, ഇത് film ആണോ real ആണോ  Mammukka pwoli,Positive
3353, Dislike adicha pannikale Theater il kanada,Negative
3354, Hpy bdya ma lovely ikka,Positive
3355, Alla chettanmare Mammootty mathramano abhinayichathu Unni patti aarum parayunnille,Neutral
3356, Suraj ettane kandapoll ravanaprabuvile innocentchettane Ormaa vannu,Neutral
3357, Social media vazhi paranju perippichu raju. .,Negative
3358, Teaser valere adhikam pradhisha nalkkunnu,Positive
3359, അടിപൊളി....  ikka fan aaya enik polum romanjam,Positive
3360, Adipoli mass superb kidu mammootty polich ____mass aayitund trailer pakka poli,Positive
3361, Ithu vere level Padam aayirikkum . Enthaayalum Madhura Raja pole valiya oru vijayam aakatte,Positive
3362, Mammokka ponnikka happy birthday  love you,Positive
3363, Pwolikum muthee Unda EID MUBARAK تقبل الله منا ومنكم صالح الاعمال عيد مبــــــــــــــــــــارك   IKKA FANS LIKE ADICH POTTIKK,Positive
3364, Poli oru rakshayum illa...  dileep ettan...,Positive
3365, VERSION 2.0 ALLAYIRUNO???IPPO ANGANE 5.25 AYIII.??,Neutral
3366, Odiyanekaal kooduthal kanji vendivarum lucifarine,Neutral
3367, Ithu trailer pole illa oru teaser.. Enthayalum sambhavam kidukki... Waiting...,Positive
3368,Super film adipoli next joshy director enu paryam,Positive
3369,Tharikida sabu pora oru kazhchakilla .,Negative
3370, Ikkaykk lalettan fans inte vaka oru adipoli wish,Positive
3371, rajaede pilllar strong anell ettante pillerrr strongoo strong.....,Positive
3372, Dislike adichirikanadu lalappan tenddikalairikum kolani valangal fuuu,Negative
3373,pritvimonum lalettanum pwolichutto. character selection superb. cinema superhitayi vijayikatte en nu njan prakthikum,Positive
3374, Tovino yil oru villain mannakunathu enk mathramano?,Neutral
3375, Lalettan ishtam ഇത് 6 million cross cheyyum ennu urappullavarkk like adikkam,Neutral
3376, 24k dis like adichavar ithrayum mandanmaro,Negative
3377, Trailer waiting katta waiting like adi......... Mammookka fans hit like,Neutral
3378, Ikka polichu movie Si Mani sir,Positive
3379, Onnum parayaanilla Kanda Eee hangover aadhyam onn maaratte,Positive
3380, Ee Padam തീയറ്റർ il poyi kanum ennu ullavar undo ivide   Like,Neutral
3381,Katta waiting jayetta oru onnu onnara trissur poorathinu...... Mass alla marana mass anne .... Jayettan polich adukki.. Padam,Positive
3382, Lift il aanu helan nu manasilayavar like adikk,Neutral
3383, Dislike adicha mamookante  fanse odu myrukale,Negative
3384, Aadyayitta oru comment vidune video kandaal aarum onnu comment ittupovum,Positive
3385,Waiting aane pettanne 8 mani aayaal kullamaayirunnu allae,Positive
3386, Katta ikka fans unddegil like adi..,Neutral
3387,Kalakki.. ithu blockbuster ennu sure aayitullavar like adikk,Positive
3388, Ippol kandittu varunnatheyullu THE MOST DRAMATIC CINEMA I HAVE EVER SEEN,Positive
3389,Poka pattiya trailer padavum inganayal nallath,Neutral
3390,Mamooka realistic padam cheyan thirumanicha sthithikk lalettan koodi onnu realistic padangal cheyyanamennu agrahikunnavar undel like adiku,Neutral
3391, Trailer igane aanekil,Positive
3392,Katta wtng... !!! The Himalayan kwid  Mamoomkkaa,Positive
3393, Padam nalladalla ennulla abiprayam kettukond poya enik Predeeshichadilum nalla super padam kanan kaziju Cash povilla 101%,Positive
3394, Sidhikinte katta roll njan maathranoo shradhichath.....,Neutral
3395,Annan poliyaan ishtamullavar adi like button,Neutral
3396, Zee Music South Channelinnu erakkiya mathiyayirunnu.... Sunny Chechide paatu irakkumbol engilum 🤗🤗🤗,Positive
3397, Njan vicharichath athra migacha  kadha undagillennan. But nalla oru kadha undenn manassilayi,Positive
3398, Mohanlalinte ee film engilum hit aayal matiyaarinnu...maduthu odiyente kuttam keettu keetee... Kaata lalaetta fan adi like,Positive
3399, teaser vanapo nala pratheksha ayirunu trailer athu kalanju,Negative
3400, lalettan sound ......................:) :) koothara style tone..,Negative
3401,Namada model school . Model schooli padiche pillerokke evdeda..,Neutral
3402,Enttammooo poliii polii trailer  ee X'mas pullu giri n Team kondu povum  No doubt jayeattan Mass 🤘,Positive
3403, Ettan mass kanikkan thudangiyath innum innaleyumonnumalle makkale,Positive
3404, Ethentha (Telugu movie)vikranadithya Malayam version ano,Neutral
3405, Saathana vellan kelpulla rajavu ennu thonnunnavar like adi.,Neutral
3406, Ee Padam Kolamavukayaanengil it will be because of Peter hein,Negative
3407, Ithenthu killichundan mambazhama.... ithokke namude raju ettanu koduthal pollichadukiyene..,Negative
3408,Dislike adicha thaayolikale adikendavark like cheyyanulla comment,Negative
3409, Enta ponna oru rashayum ila kidu padam,Positive
3410, Super trailer  ikka enth look aahnn,Positive
3411, Kumbalangi nights ile penkutti allee ith,Neutral
3412, AVASAANAM RAAJUVETTANUM VALLA VILLANO MATTO AAYI VARUMO ENDHO#######,Neutral
3413, Dey nthonadey refresh adikumbolathekum likes okke rand erati avunnu,Neutral
3414, Enter ettaaaaaaaa ohh onnum parayaan ellaaaaa,Positive
3415, Lucifer trailor 8.5 m pakuthi enkilum aavuo,Neutral
3416, 200 kodi clubil orapullavar like pls,Neutral
3417,Onnum venda ....ikkade aaa sound ....oh enjadhi basss,Positive
3418,0.40 il entha ella Indian flags um talakuthi vechirikkunne ?,Neutral
3419, Prithviraj is promoting devil ? illuminati Prithviraj?,Neutral
3420, Amboo polichuu ikkaa pwolikum film,Positive
3421, Lalettanum Tovino machanum ith pwolikkum,Positive
3422, Trailer ishtapettu like ittitundu .  . . .  .june 14 kanam    . .,Positive
3423,Ith oru onnonnara itemm anello ikaaa.......,Positive
3424,Ettan fansinte katta support to ikka,Positive
3425,Onn parayan illa. Aadipoli. Mass ikka. Unni chettan polichu,Positive
3426, Katta waiting..anna ye kaanan kothiyakunnu kumbalangy nights pwoli love you...,Positive
3427, 5 million! Like adi makkale!,Neutral
3428, Sshooo njan munpe itta comment evde poi,Neutral
3429, Ente ponnanna..... Ente jeevane.... Lalettaaaaaa... Ummaaaah,Positive
3430, Odiyante climaxil mohanlal marikkumennu ariyaavunnathu enikku matramaano???,Neutral
3431, All the best lalletta  oru katta Messi & ikka fan,Positive
3432, Lucifer 100cr clubil kayarum enne urapullavar like adikk,Neutral
3433, Happy birthday Ikka love u  Pratheeshkal athiru kadanu Ganagandarvan keralakara keezhadakum,Positive
3434, Aa sound keetitt romancham vannavar ethra perundd ivide..,Positive
3435,Malayala cinema yude gathi maarunathu chilar ariyunillaa.....,Neutral
3436, Hang ayo,Neutral
3437,അടിപൊളി 120 k aayii...   Bot Bot,Neutral
3438,1:07 . ezhuthi kaanichathu kondu aaranennu manasilaayi,Neutral
3439, pwolikkum #Unni #mammukka oru valya vijayam aakatte,Positive
3440, Ente anna oru rakshaym ella.... Adipwoli,Positive
3441, pinne ee japaane kond oonum parayanda ........ sirich sirich chathu,Positive
3442, Entha oru enegy nammude daddy girigayum undu ithu polikum,Positive
3443, Yessss the Lion returnzzzzz...kattaa waitingggg ikkkaaaaa,Positive
3444, Mamankam Trailer Kandathinu shesham Lucifer Trailer kanan vannavar undo ?,Neutral
3445, charithram onnum parayanda mammunniyalle Ella malayalikalkkumariyam kuninjoru paniyum cheyyathillennu,Negative
3446, njan mammukka fan aan yennalum parayaa lalettan mathrame ithokke kazhiyu adheham oru loka nayakanan oru simham,Positive
3447,Aarenkilum ithinte akathu prithvi undo ennu nokaaan vanno ??,Neutral
3448, Film kaanan trill adichu nilkkunnavar like,Neutral
3449, Tovino macha ningalude time anu... adi thimarkku... bai... cutta support,Positive
3450, Madhuraraja teaser ethaanenkil trailer enthaayirikkum April kazhinjaal theater ok kaanumo aavo,Neutral
3451, Climax koodi kaanichirunenkil padathintey review parayarunnuu,Neutral
